STO-3G from BSE
8 2
0 0 3 2.00 1.00
    130.7093214000      0.1543289673
     23.8088660500      0.5353281423
      6.4436083130      0.4446345422
0 1 3 8.00 1.00
      5.0331513190     -0.0999672292      0.1559162750
      1.1695961250      0.3995128261      0.6076837186
      0.3803889600      0.7001154689      0.3919573931
12 3
0 0 3 2.00 1.00
    299.2374137000      0.1543289673
     54.5064684500      0.5353281423
     14.7515775200      0.4446345422
0 1 3 8.00 1.00
     15.1218235200     -0.0999672292      0.1559162750
      3.5139865790      0.3995128261      0.6076837186
      1.1428574980      0.7001154689      0.3919573931
0 1 3 0.00 1.00
      1.3954482930     -0.2196203690      0.0105876043
      0.3893265318      0.2255954336      0.5951670053
      0.1523797659      0.9003984260      0.4620010120
99 0
