3   1   1
0.000000000000E+00 2.120110008190E+00 2.120110008190E+00
2.120110008190E+00 0.000000000000E+00 2.120110008190E+00
2.120110008190E+00 2.120110008190E+00 0.000000000000E+00
48
1.000000000000E+00 0.000000000000E+00 -0.000000000000E+00
0.000000000000E+00 1.000000000000E+00 -0.000000000000E+00
0.000000000000E+00 -0.000000000000E+00 1.000000000000E+00
0.000000000000E+00 0.000000000000E+00 0.000000000000E+00
-1.000000000000E+00 -0.000000000000E+00 0.000000000000E+00
-0.000000000000E+00 -1.000000000000E+00 0.000000000000E+00
-0.000000000000E+00 0.000000000000E+00 -1.000000000000E+00
0.000000000000E+00 0.000000000000E+00 0.000000000000E+00
0.000000000000E+00 -1.000000000000E+00 -0.000000000000E+00
1.000000000000E+00 -0.000000000000E+00 -0.000000000000E+00
-0.000000000000E+00 -0.000000000000E+00 1.000000000000E+00
0.000000000000E+00 0.000000000000E+00 0.000000000000E+00
-0.000000000000E+00 1.000000000000E+00 0.000000000000E+00
-1.000000000000E+00 0.000000000000E+00 0.000000000000E+00
0.000000000000E+00 0.000000000000E+00 -1.000000000000E+00
0.000000000000E+00 0.000000000000E+00 0.000000000000E+00
-1.000000000000E+00 -0.000000000000E+00 -0.000000000000E+00
-0.000000000000E+00 -1.000000000000E+00 -0.000000000000E+00
-0.000000000000E+00 0.000000000000E+00 1.000000000000E+00
0.000000000000E+00 0.000000000000E+00 0.000000000000E+00
1.000000000000E+00 0.000000000000E+00 0.000000000000E+00
0.000000000000E+00 1.000000000000E+00 0.000000000000E+00
0.000000000000E+00 -0.000000000000E+00 -1.000000000000E+00
0.000000000000E+00 0.000000000000E+00 0.000000000000E+00
-0.000000000000E+00 1.000000000000E+00 -0.000000000000E+00
-1.000000000000E+00 0.000000000000E+00 -0.000000000000E+00
0.000000000000E+00 0.000000000000E+00 1.000000000000E+00
0.000000000000E+00 0.000000000000E+00 0.000000000000E+00
0.000000000000E+00 -1.000000000000E+00 0.000000000000E+00
1.000000000000E+00 -0.000000000000E+00 0.000000000000E+00
-0.000000000000E+00 -0.000000000000E+00 -1.000000000000E+00
0.000000000000E+00 0.000000000000E+00 0.000000000000E+00
1.000000000000E+00 -0.000000000000E+00 0.000000000000E+00
0.000000000000E+00 -1.000000000000E+00 0.000000000000E+00
0.000000000000E+00 0.000000000000E+00 -1.000000000000E+00
0.000000000000E+00 0.000000000000E+00 0.000000000000E+00
-1.000000000000E+00 0.000000000000E+00 -0.000000000000E+00
-0.000000000000E+00 1.000000000000E+00 -0.000000000000E+00
-0.000000000000E+00 -0.000000000000E+00 1.000000000000E+00
0.000000000000E+00 0.000000000000E+00 0.000000000000E+00
-0.000000000000E+00 -1.000000000000E+00 0.000000000000E+00
-1.000000000000E+00 -0.000000000000E+00 0.000000000000E+00
0.000000000000E+00 -0.000000000000E+00 -1.000000000000E+00
0.000000000000E+00 0.000000000000E+00 0.000000000000E+00
0.000000000000E+00 1.000000000000E+00 -0.000000000000E+00
1.000000000000E+00 0.000000000000E+00 -0.000000000000E+00
-0.000000000000E+00 0.000000000000E+00 1.000000000000E+00
0.000000000000E+00 0.000000000000E+00 0.000000000000E+00
-1.000000000000E+00 0.000000000000E+00 0.000000000000E+00
-0.000000000000E+00 1.000000000000E+00 0.000000000000E+00
-0.000000000000E+00 -0.000000000000E+00 -1.000000000000E+00
0.000000000000E+00 0.000000000000E+00 0.000000000000E+00
1.000000000000E+00 -0.000000000000E+00 -0.000000000000E+00
0.000000000000E+00 -1.000000000000E+00 -0.000000000000E+00
0.000000000000E+00 0.000000000000E+00 1.000000000000E+00
0.000000000000E+00 0.000000000000E+00 0.000000000000E+00
0.000000000000E+00 1.000000000000E+00 0.000000000000E+00
1.000000000000E+00 0.000000000000E+00 0.000000000000E+00
-0.000000000000E+00 0.000000000000E+00 -1.000000000000E+00
0.000000000000E+00 0.000000000000E+00 0.000000000000E+00
-0.000000000000E+00 -1.000000000000E+00 -0.000000000000E+00
-1.000000000000E+00 -0.000000000000E+00 -0.000000000000E+00
0.000000000000E+00 -0.000000000000E+00 1.000000000000E+00
0.000000000000E+00 0.000000000000E+00 0.000000000000E+00
0.000000000000E+00 -0.000000000000E+00 1.000000000000E+00
1.000000000000E+00 -0.000000000000E+00 0.000000000000E+00
-0.000000000000E+00 1.000000000000E+00 0.000000000000E+00
0.000000000000E+00 0.000000000000E+00 0.000000000000E+00
-0.000000000000E+00 0.000000000000E+00 -1.000000000000E+00
-1.000000000000E+00 0.000000000000E+00 -0.000000000000E+00
0.000000000000E+00 -1.000000000000E+00 -0.000000000000E+00
0.000000000000E+00 0.000000000000E+00 0.000000000000E+00
-0.000000000000E+00 -0.000000000000E+00 1.000000000000E+00
-0.000000000000E+00 -1.000000000000E+00 0.000000000000E+00
1.000000000000E+00 0.000000000000E+00 0.000000000000E+00
0.000000000000E+00 0.000000000000E+00 0.000000000000E+00
0.000000000000E+00 0.000000000000E+00 -1.000000000000E+00
0.000000000000E+00 1.000000000000E+00 -0.000000000000E+00
-1.000000000000E+00 -0.000000000000E+00 -0.000000000000E+00
0.000000000000E+00 0.000000000000E+00 0.000000000000E+00
-0.000000000000E+00 0.000000000000E+00 1.000000000000E+00
-1.000000000000E+00 0.000000000000E+00 0.000000000000E+00
0.000000000000E+00 -1.000000000000E+00 0.000000000000E+00
0.000000000000E+00 0.000000000000E+00 0.000000000000E+00
0.000000000000E+00 -0.000000000000E+00 -1.000000000000E+00
1.000000000000E+00 -0.000000000000E+00 -0.000000000000E+00
-0.000000000000E+00 1.000000000000E+00 -0.000000000000E+00
0.000000000000E+00 0.000000000000E+00 0.000000000000E+00
0.000000000000E+00 0.000000000000E+00 1.000000000000E+00
0.000000000000E+00 1.000000000000E+00 0.000000000000E+00
-1.000000000000E+00 -0.000000000000E+00 0.000000000000E+00
0.000000000000E+00 0.000000000000E+00 0.000000000000E+00
-0.000000000000E+00 -0.000000000000E+00 -1.000000000000E+00
-0.000000000000E+00 -1.000000000000E+00 -0.000000000000E+00
1.000000000000E+00 0.000000000000E+00 -0.000000000000E+00
0.000000000000E+00 0.000000000000E+00 0.000000000000E+00
0.000000000000E+00 0.000000000000E+00 -1.000000000000E+00
1.000000000000E+00 0.000000000000E+00 -0.000000000000E+00
-0.000000000000E+00 -1.000000000000E+00 -0.000000000000E+00
0.000000000000E+00 0.000000000000E+00 0.000000000000E+00
-0.000000000000E+00 -0.000000000000E+00 1.000000000000E+00
-1.000000000000E+00 -0.000000000000E+00 0.000000000000E+00
0.000000000000E+00 1.000000000000E+00 0.000000000000E+00
0.000000000000E+00 0.000000000000E+00 0.000000000000E+00
0.000000000000E+00 -0.000000000000E+00 -1.000000000000E+00
0.000000000000E+00 -1.000000000000E+00 -0.000000000000E+00
-1.000000000000E+00 0.000000000000E+00 -0.000000000000E+00
0.000000000000E+00 0.000000000000E+00 0.000000000000E+00
-0.000000000000E+00 0.000000000000E+00 1.000000000000E+00
-0.000000000000E+00 1.000000000000E+00 0.000000000000E+00
1.000000000000E+00 -0.000000000000E+00 0.000000000000E+00
0.000000000000E+00 0.000000000000E+00 0.000000000000E+00
-0.000000000000E+00 -0.000000000000E+00 -1.000000000000E+00
-1.000000000000E+00 -0.000000000000E+00 -0.000000000000E+00
0.000000000000E+00 1.000000000000E+00 -0.000000000000E+00
0.000000000000E+00 0.000000000000E+00 0.000000000000E+00
0.000000000000E+00 0.000000000000E+00 1.000000000000E+00
1.000000000000E+00 0.000000000000E+00 0.000000000000E+00
-0.000000000000E+00 -1.000000000000E+00 0.000000000000E+00
0.000000000000E+00 0.000000000000E+00 0.000000000000E+00
-0.000000000000E+00 0.000000000000E+00 -1.000000000000E+00
-0.000000000000E+00 1.000000000000E+00 -0.000000000000E+00
1.000000000000E+00 -0.000000000000E+00 -0.000000000000E+00
0.000000000000E+00 0.000000000000E+00 0.000000000000E+00
0.000000000000E+00 -0.000000000000E+00 1.000000000000E+00
0.000000000000E+00 -1.000000000000E+00 0.000000000000E+00
-1.000000000000E+00 0.000000000000E+00 0.000000000000E+00
0.000000000000E+00 0.000000000000E+00 0.000000000000E+00
-0.000000000000E+00 1.000000000000E+00 0.000000000000E+00
-0.000000000000E+00 0.000000000000E+00 1.000000000000E+00
1.000000000000E+00 0.000000000000E+00 -0.000000000000E+00
0.000000000000E+00 0.000000000000E+00 0.000000000000E+00
0.000000000000E+00 -1.000000000000E+00 -0.000000000000E+00
0.000000000000E+00 -0.000000000000E+00 -1.000000000000E+00
-1.000000000000E+00 -0.000000000000E+00 0.000000000000E+00
0.000000000000E+00 0.000000000000E+00 0.000000000000E+00
1.000000000000E+00 0.000000000000E+00 0.000000000000E+00
0.000000000000E+00 0.000000000000E+00 1.000000000000E+00
0.000000000000E+00 -1.000000000000E+00 -0.000000000000E+00
0.000000000000E+00 0.000000000000E+00 0.000000000000E+00
-1.000000000000E+00 -0.000000000000E+00 -0.000000000000E+00
-0.000000000000E+00 -0.000000000000E+00 -1.000000000000E+00
-0.000000000000E+00 1.000000000000E+00 0.000000000000E+00
0.000000000000E+00 0.000000000000E+00 0.000000000000E+00
0.000000000000E+00 -1.000000000000E+00 0.000000000000E+00
0.000000000000E+00 -0.000000000000E+00 1.000000000000E+00
-1.000000000000E+00 -0.000000000000E+00 -0.000000000000E+00
0.000000000000E+00 0.000000000000E+00 0.000000000000E+00
-0.000000000000E+00 1.000000000000E+00 -0.000000000000E+00
-0.000000000000E+00 0.000000000000E+00 -1.000000000000E+00
1.000000000000E+00 0.000000000000E+00 0.000000000000E+00
0.000000000000E+00 0.000000000000E+00 0.000000000000E+00
-1.000000000000E+00 -0.000000000000E+00 0.000000000000E+00
-0.000000000000E+00 -0.000000000000E+00 1.000000000000E+00
-0.000000000000E+00 1.000000000000E+00 -0.000000000000E+00
0.000000000000E+00 0.000000000000E+00 0.000000000000E+00
1.000000000000E+00 0.000000000000E+00 -0.000000000000E+00
0.000000000000E+00 0.000000000000E+00 -1.000000000000E+00
0.000000000000E+00 -1.000000000000E+00 0.000000000000E+00
0.000000000000E+00 0.000000000000E+00 0.000000000000E+00
-0.000000000000E+00 -1.000000000000E+00 -0.000000000000E+00
-0.000000000000E+00 -0.000000000000E+00 -1.000000000000E+00
1.000000000000E+00 -0.000000000000E+00 0.000000000000E+00
0.000000000000E+00 0.000000000000E+00 0.000000000000E+00
0.000000000000E+00 1.000000000000E+00 0.000000000000E+00
0.000000000000E+00 0.000000000000E+00 1.000000000000E+00
-1.000000000000E+00 0.000000000000E+00 -0.000000000000E+00
0.000000000000E+00 0.000000000000E+00 0.000000000000E+00
-1.000000000000E+00 0.000000000000E+00 -0.000000000000E+00
-0.000000000000E+00 0.000000000000E+00 -1.000000000000E+00
-0.000000000000E+00 -1.000000000000E+00 0.000000000000E+00
0.000000000000E+00 0.000000000000E+00 0.000000000000E+00
1.000000000000E+00 -0.000000000000E+00 0.000000000000E+00
0.000000000000E+00 -0.000000000000E+00 1.000000000000E+00
0.000000000000E+00 1.000000000000E+00 -0.000000000000E+00
0.000000000000E+00 0.000000000000E+00 0.000000000000E+00
0.000000000000E+00 1.000000000000E+00 -0.000000000000E+00
0.000000000000E+00 0.000000000000E+00 -1.000000000000E+00
-1.000000000000E+00 0.000000000000E+00 0.000000000000E+00
0.000000000000E+00 0.000000000000E+00 0.000000000000E+00
-0.000000000000E+00 -1.000000000000E+00 0.000000000000E+00
-0.000000000000E+00 -0.000000000000E+00 1.000000000000E+00
1.000000000000E+00 -0.000000000000E+00 -0.000000000000E+00
0.000000000000E+00 0.000000000000E+00 0.000000000000E+00
1.000000000000E+00 -0.000000000000E+00 -0.000000000000E+00
0.000000000000E+00 -0.000000000000E+00 -1.000000000000E+00
0.000000000000E+00 1.000000000000E+00 0.000000000000E+00
0.000000000000E+00 0.000000000000E+00 0.000000000000E+00
-1.000000000000E+00 0.000000000000E+00 0.000000000000E+00
-0.000000000000E+00 0.000000000000E+00 1.000000000000E+00
-0.000000000000E+00 -1.000000000000E+00 -0.000000000000E+00
0.000000000000E+00 0.000000000000E+00 0.000000000000E+00
2
12 0.000000000000E+00 0.000000000000E+00 0.000000000000E+00
8 -2.120110008190E+00 -2.120110008190E+00 -2.120110008190E+00
225 48