# DFT TOTAL ENERGY =  -5.5993e+04 eV,         =  -5.4025e+06 kJ/mol   
# CELL VOLUME      =   754.292434 Angstrom^3, =   454.245464 cm^3/mol 
# LATTICE PARAMETERS (ANGSTROM, DEGREE)
           A           B           C       ALPHA        BETA       GAMMA
      7.1630      9.2762     12.6705     90.0000    116.3697     90.0000

# HARMONIC THERMODYNAMICS AT QPOINT #       0

  zero point energy =  1.759106e+03  kJ/mol

  temperature dependent properties
    T(K)     U_vib(kJ/mol)  Entropy(J/mol*K)      C_V(J/mol*K) Helmholtz(kJ/mol)
    0.00      2.462748e+05      0.000000e+00      0.000000e+00     -7.560978e+08
   30.00      2.463620e+05      3.933894e+03      9.617989e+03     -7.560978e+08
   60.00      2.469026e+05      1.578720e+04      2.544674e+04     -7.560981e+08
   90.00      2.478340e+05      2.823020e+04      3.604554e+04     -7.560988e+08
  120.00      2.490453e+05      3.978720e+04      4.454668e+04     -7.560998e+08
  150.00      2.505024e+05      5.059254e+04      5.257913e+04     -7.561011e+08
  180.00      2.522003e+05      6.088907e+04      6.063348e+04     -7.561028e+08
  210.00      2.541418e+05      7.084872e+04      6.881839e+04     -7.561048e+08
  240.00      2.563305e+05      8.057849e+04      7.710819e+04     -7.561071e+08
  270.00      2.587686e+05      9.014100e+04      8.542764e+04     -7.561096e+08
  300.00      2.614555e+05      9.957005e+04      9.368600e+04     -7.561125e+08

  Gibbs free energy
    rows    : pressure (GPa)     0.000    0.100    0.200    0.300    0.400    0.500 
    columns : temperature (K)    0.000   30.000   60.000   90.000  120.000  150.000  180.000  210.000  240.000  270.000  300.000 
         -7.560978e+08       -7.560914e+08       -7.560851e+08       -7.560787e+08       -7.560723e+08       -7.560660e+08  
         -7.560978e+08       -7.560914e+08       -7.560851e+08       -7.560787e+08       -7.560724e+08       -7.560660e+08  
         -7.560981e+08       -7.560917e+08       -7.560854e+08       -7.560790e+08       -7.560727e+08       -7.560663e+08  
         -7.560988e+08       -7.560924e+08       -7.560860e+08       -7.560797e+08       -7.560733e+08       -7.560670e+08  
         -7.560998e+08       -7.560934e+08       -7.560871e+08       -7.560807e+08       -7.560743e+08       -7.560680e+08  
         -7.561011e+08       -7.560948e+08       -7.560884e+08       -7.560821e+08       -7.560757e+08       -7.560693e+08  
         -7.561028e+08       -7.560965e+08       -7.560901e+08       -7.560837e+08       -7.560774e+08       -7.560710e+08  
         -7.561048e+08       -7.560984e+08       -7.560921e+08       -7.560857e+08       -7.560794e+08       -7.560730e+08  
         -7.561071e+08       -7.561007e+08       -7.560943e+08       -7.560880e+08       -7.560816e+08       -7.560753e+08  
         -7.561096e+08       -7.561033e+08       -7.560969e+08       -7.560905e+08       -7.560842e+08       -7.560778e+08  
         -7.561125e+08       -7.561061e+08       -7.560997e+08       -7.560934e+08       -7.560870e+08       -7.560807e+08  


