# 0 [K coefficient in SI units, i.e. in W/m/K]
# Mu(eV) T(K) N(#carriers) K_xx K_xy K_yy
# T(K) =   300.00   Npoints =      31   V(cm^3) =  4.649E-22
      -4.84          300.000    5.870E+00    2.1426817E+03   -1.4567732E-12    1.3878421E+03
      -4.74          300.000    5.513E+00    2.4081655E+03   -1.1160599E-12    9.8663887E+02
      -4.64          300.000    5.186E+00    2.9476484E+03   -1.5168928E-12    7.7563638E+02
      -4.54          300.000    4.826E+00    3.0774059E+03   -3.1613997E-12    5.9648064E+02
      -4.44          300.000    4.447E+00    2.6498541E+03   -2.1910149E-13    5.0578560E+02
      -4.34          300.000    4.134E+00    1.5914375E+03   -2.5087031E-12    5.1436441E+02
      -4.24          300.000    3.886E+00    8.1625049E+02   -9.3904360E-13    6.6112813E+02
      -4.14          300.000    3.680E+00    4.7738199E+02   -3.8956078E-13    9.8076933E+02
      -4.04          300.000    3.436E+00    6.1315465E+02    1.1072879E-13    1.3400571E+03
      -3.94          300.000    3.155E+00    9.4330603E+02   -2.1535684E-13    1.5125585E+03
      -3.84          300.000    2.820E+00    9.2765943E+02   -1.7946499E-13    1.3109463E+03
      -3.74          300.000    2.270E+00    7.8929767E+02   -1.4482421E-13    1.0796566E+03
      -3.64          300.000    9.206E-01    6.9476619E+02    9.9965505E-14    9.1583167E+02
      -3.54          300.000    4.061E-01    7.9611513E+02    9.8484022E-13    1.0243579E+03
      -3.44          300.000    2.326E-01    9.6058020E+02    1.6789897E-12    9.5052050E+02
      -3.34          300.000    1.251E-01    8.0231933E+02    8.9939381E-13    7.3286680E+02
      -3.24          300.000    5.367E-02    5.5059372E+02    4.3955337E-13    4.9068631E+02
      -3.14          300.000    1.339E-02    2.8779217E+02   -1.8781467E-13    2.8221013E+02
      -3.04          300.000   -2.127E-03    2.5118087E+02   -1.6142001E-13    2.3481688E+02
      -2.94          300.000   -2.565E-02    3.5093859E+02    1.0785433E-13    3.4211360E+02
      -2.84          300.000   -8.141E-02    6.0696116E+02    1.9345812E-13    5.9759929E+02
      -2.74          300.000   -1.762E-01    8.0803558E+02   -2.0632889E-13    8.6214878E+02
      -2.64          300.000   -3.215E-01    8.6847767E+02    2.8716158E-13    1.1693917E+03
      -2.54          300.000   -5.507E-01    6.9736360E+02    1.1966105E-12    1.4897734E+03
      -2.44          300.000   -8.473E-01    4.7984643E+02    1.0198791E-13    1.7285509E+03
      -2.34          300.000   -1.104E+00    3.0938450E+02    1.7666092E-13    1.8800906E+03
      -2.24          300.000   -1.367E+00    2.8600195E+02   -7.0612463E-13    1.8037757E+03
      -2.14          300.000   -1.582E+00    3.0109052E+02   -1.4284569E-13    1.6629606E+03
      -2.04          300.000   -1.732E+00    2.6530590E+02   -4.9511304E-13    1.4882387E+03
      -1.94          300.000   -1.843E+00    1.9476730E+02   -1.5252821E-13    1.1899344E+03
      -1.84          300.000   -1.928E+00    1.2072409E+02   -2.3563759E-13    7.8117176E+02
# T(K) =   310.00   Npoints =      31   V(cm^3) =  4.649E-22
      -4.84          310.000    5.871E+00    2.2166548E+03   -1.5483663E-12    1.4333155E+03
      -4.74          310.000    5.513E+00    2.4968700E+03   -1.0953934E-12    1.0205483E+03
      -4.64          310.000    5.185E+00    3.0419581E+03   -1.5390307E-12    8.0543869E+02
      -4.54          310.000    4.826E+00    3.1483203E+03   -3.3268794E-12    6.2040523E+02
      -4.44          310.000    4.448E+00    2.7139529E+03   -1.8619168E-13    5.2231295E+02
      -4.34          310.000    4.134E+00    1.6574998E+03   -2.6454634E-12    5.3763646E+02
      -4.24          310.000    3.887E+00    8.6586477E+02   -9.6430993E-13    6.9051383E+02
      -4.14          310.000    3.680E+00    5.0359562E+02   -4.0574967E-13    1.0152380E+03
      -4.04          310.000    3.436E+00    6.3963387E+02    7.4353179E-14    1.3779178E+03
      -3.94          310.000    3.155E+00    9.7152759E+02   -2.4805569E-13    1.5495816E+03
      -3.84          310.000    2.819E+00    9.3722052E+02   -1.8526318E-13    1.3466109E+03
      -3.74          310.000    2.260E+00    8.2370585E+02   -1.8170904E-13    1.1309602E+03
      -3.64          310.000    9.289E-01    7.3666059E+02    1.2021713E-13    9.5395113E+02
      -3.54          310.000    4.083E-01    8.1310980E+02    1.0320916E-12    1.0492647E+03
      -3.44          310.000    2.331E-01    9.8260552E+02    1.6660890E-12    9.7889063E+02
      -3.34          310.000    1.254E-01    8.2750622E+02    9.1181326E-13    7.5719252E+02
      -3.24          310.000    5.390E-02    5.6795592E+02    4.9627102E-13    5.0700737E+02
      -3.14          310.000    1.359E-02    3.0353525E+02   -1.9981237E-13    2.9713333E+02
      -3.04          310.000   -2.196E-03    2.6838494E+02   -1.5124978E-13    2.4976046E+02
      -2.94          310.000   -2.589E-02    3.6529932E+02    8.0972302E-14    3.5769043E+02
      -2.84          310.000   -8.170E-02    6.2495531E+02    1.9851834E-13    6.1701259E+02
      -2.74          310.000   -1.766E-01    8.3087866E+02   -1.8247409E-13    8.9236627E+02
      -2.64          310.000   -3.221E-01    8.8901789E+02    2.6794658E-13    1.2091414E+03
      -2.54          310.000   -5.514E-01    7.1604772E+02    1.1951428E-12    1.5374869E+03
      -2.44          310.000   -8.470E-01    5.0158748E+02    8.4460234E-14    1.7827973E+03
      -2.34          310.000   -1.104E+00    3.2534966E+02    1.9502273E-13    1.9335915E+03
      -2.24          310.000   -1.366E+00    2.9572805E+02   -7.3606206E-13    1.8630183E+03
      -2.14          310.000   -1.582E+00    3.0893999E+02   -1.2905933E-13    1.7189376E+03
      -2.04          310.000   -1.731E+00    2.7320528E+02   -5.3467685E-13    1.5323543E+03
      -1.94          310.000   -1.842E+00    2.0106078E+02   -1.5746146E-13    1.2277705E+03
      -1.84          310.000   -1.928E+00    1.2573225E+02   -2.2881548E-13    8.0359673E+02
# T(K) =   320.00   Npoints =      31   V(cm^3) =  4.649E-22
      -4.84          320.000    5.872E+00    2.2902712E+03   -1.6369932E-12    1.4777790E+03
      -4.74          320.000    5.513E+00    2.5863034E+03   -1.0761373E-12    1.0548812E+03
      -4.64          320.000    5.185E+00    3.1353629E+03   -1.5640199E-12    8.3547226E+02
      -4.54          320.000    4.826E+00    3.2170528E+03   -3.4814852E-12    6.4449325E+02
      -4.44          320.000    4.448E+00    2.7767069E+03   -1.6310670E-13    5.3927061E+02
      -4.34          320.000    4.135E+00    1.7242256E+03   -2.7753701E-12    5.6132486E+02
      -4.24          320.000    3.887E+00    9.1690405E+02   -9.9154110E-13    7.2042777E+02
      -4.14          320.000    3.679E+00    5.3119312E+02   -4.2239222E-13    1.0498114E+03
      -4.04          320.000    3.436E+00    6.6665909E+02    3.7168182E-14    1.4151792E+03
      -3.94          320.000    3.154E+00    9.9892258E+02   -2.7995382E-13    1.5855580E+03
      -3.84          320.000    2.818E+00    9.4626372E+02   -1.8952287E-13    1.3820688E+03
      -3.74          320.000    2.251E+00    8.5825944E+02   -2.1658199E-13    1.1824225E+03
      -3.64          320.000    9.371E-01    7.7919344E+02    1.4194709E-13    9.9273980E+02
      -3.54          320.000    4.107E-01    8.3023139E+02    1.0771721E-12    1.0738140E+03
      -3.44          320.000    2.336E-01    1.0039086E+03    1.6510657E-12    1.0067720E+03
      -3.34          320.000    1.257E-01    8.5213190E+02    9.2444174E-13    7.8129802E+02
      -3.24          320.000    5.414E-02    5.8544281E+02    5.5264011E-13    5.2359386E+02
      -3.14          320.000    1.379E-02    3.1986320E+02   -2.0978541E-13    3.1245664E+02
      -3.04          320.000   -2.266E-03    2.8612253E+02   -1.4055952E-13    2.6526143E+02
      -2.94          320.000   -2.614E-02    3.7997601E+02    5.3411452E-14    3.7357384E+02
      -2.84          320.000   -8.200E-02    6.4293869E+02    2.0312532E-13    6.3666687E+02
      -2.74          320.000   -1.770E-01    8.5331303E+02   -1.5700907E-13    9.2256137E+02
      -2.64          320.000   -3.227E-01    9.0887766E+02    2.5009039E-13    1.2489863E+03
      -2.54          320.000   -5.520E-01    7.3452073E+02    1.1903088E-12    1.5850818E+03
      -2.44          320.000   -8.466E-01    5.2350084E+02    6.8563010E-14    1.8363880E+03
      -2.34          320.000   -1.104E+00    3.4173438E+02    2.1190498E-13    1.9868966E+03
      -2.24          320.000   -1.366E+00    3.0556777E+02   -7.6225564E-13    1.9217139E+03
      -2.14          320.000   -1.581E+00    3.1665183E+02   -1.1606624E-13    1.7745232E+03
      -2.04          320.000   -1.731E+00    2.8099900E+02   -5.7328761E-13    1.5766533E+03
      -1.94          320.000   -1.842E+00    2.0734338E+02   -1.6369046E-13    1.2648916E+03
      -1.84          320.000   -1.928E+00    1.3082323E+02   -2.2189232E-13    8.2621310E+02
# T(K) =   330.00   Npoints =      31   V(cm^3) =  4.649E-22
      -4.84          330.000    5.873E+00    2.3634878E+03   -1.7223045E-12    1.5211620E+03
      -4.74          330.000    5.513E+00    2.6763727E+03   -1.0587771E-12    1.0896125E+03
      -4.64          330.000    5.185E+00    3.2277907E+03   -1.5921183E-12    8.6573420E+02
      -4.54          330.000    4.826E+00    3.2836930E+03   -3.6254341E-12    6.6875894E+02
      -4.44          330.000    4.449E+00    2.8380901E+03   -1.4900434E-13    5.5666604E+02
      -4.34          330.000    4.135E+00    1.7915389E+03   -2.8979602E-12    5.8543247E+02
      -4.24          330.000    3.887E+00    9.6935835E+02   -1.0209654E-12    7.5086519E+02
      -4.14          330.000    3.679E+00    5.6022437E+02   -4.3963066E-13    1.0844809E+03
      -4.04          330.000    3.435E+00    6.9422886E+02   -7.9757986E-16    1.4518309E+03
      -3.94          330.000    3.154E+00    1.0254744E+03   -3.1092181E-13    1.6205028E+03
      -3.84          330.000    2.817E+00    9.5488250E+02   -1.9223576E-13    1.4173565E+03
      -3.74          330.000    2.243E+00    8.9291389E+02   -2.4911834E-13    1.2339986E+03
      -3.64          330.000    9.453E-01    8.2227838E+02    1.6504005E-13    1.0321441E+03
      -3.54          330.000    4.132E-01    8.4753030E+02    1.1200576E-12    1.0980465E+03
      -3.44          330.000    2.341E-01    1.0244825E+03    1.6339580E-12    1.0341627E+03
      -3.34          330.000    1.259E-01    8.7620450E+02    9.3716241E-13    8.0519252E+02
      -3.24          330.000    5.439E-02    6.0305536E+02    6.0858301E-13    5.4043909E+02
      -3.14          330.000    1.399E-02    3.3677553E+02   -2.1753726E-13    3.2819211E+02
      -3.04          330.000   -2.336E-03    3.0439087E+02   -1.2954666E-13    2.8131631E+02
      -2.94          330.000   -2.640E-02    3.9499622E+02    2.5445009E-14    3.8978804E+02
      -2.84          330.000   -8.231E-02    6.6089301E+02    2.0732715E-13    6.5656177E+02
      -2.74          330.000   -1.774E-01    8.7531395E+02   -1.3017316E-13    9.5274828E+02
      -2.64          330.000   -3.233E-01    9.2806834E+02    2.3368487E-13    1.2889118E+03
      -2.54          330.000   -5.527E-01    7.5278494E+02    1.1824231E-12    1.6325391E+03
      -2.44          330.000   -8.463E-01    5.4556603E+02    5.4296619E-14    1.8893453E+03
      -2.34          330.000   -1.104E+00    3.5853058E+02    2.2719964E-13    2.0399719E+03
      -2.24          330.000   -1.366E+00    3.1553129E+02   -7.8476505E-13    1.9798720E+03
      -2.14          330.000   -1.581E+00    3.2423549E+02   -1.0391618E-13    1.8297364E+03
      -2.04          330.000   -1.731E+00    2.8868362E+02   -6.1074909E-13    1.6210716E+03
      -1.94          330.000   -1.842E+00    2.1361633E+02   -1.7115639E-13    1.3013357E+03
      -1.84          330.000   -1.928E+00    1.3599288E+02   -2.1495364E-13    8.4904967E+02
# T(K) =   340.00   Npoints =      31   V(cm^3) =  4.649E-22
      -4.84          340.000    5.875E+00    2.4362662E+03   -1.8040160E-12    1.5634017E+03
      -4.74          340.000    5.513E+00    2.7669826E+03   -1.0437204E-12    1.1247134E+03
      -4.64          340.000    5.184E+00    3.3191746E+03   -1.6234875E-12    8.9622243E+02
      -4.54          340.000    4.826E+00    3.3483273E+03   -3.7590149E-12    6.9321649E+02
      -4.44          340.000    4.449E+00    2.8980894E+03   -1.4307275E-13    5.7450875E+02
      -4.34          340.000    4.136E+00    1.8593658E+03   -3.0129074E-12    6.0996329E+02
      -4.24          340.000    3.888E+00    1.0232146E+03   -1.0527491E-12    7.8181956E+02
      -4.14          340.000    3.679E+00    5.9073342E+02   -4.5760752E-13    1.1192372E+03
      -4.04          340.000    3.435E+00    7.2234078E+02   -3.9515230E-14    1.4878638E+03
      -3.94          340.000    3.153E+00    1.0511753E+03   -3.4086872E-13    1.6544346E+03
      -3.84          340.000    2.815E+00    9.6316544E+02   -1.9343029E-13    1.4525055E+03
      -3.74          340.000    2.234E+00    9.2762728E+02   -2.7905210E-13    1.2856458E+03
      -3.64          340.000    9.533E-01    8.6583100E+02    1.8937783E-13    1.0721124E+03
      -3.54          340.000    4.157E-01    8.6505276E+02    1.1607252E-12    1.1220043E+03
      -3.44          340.000    2.347E-01    1.0443268E+03    1.6148254E-12    1.0610616E+03
      -3.34          340.000    1.262E-01    8.9973014E+02    9.4986207E-13    8.2888323E+02
      -3.24          340.000    5.464E-02    6.2079450E+02    6.6402658E-13    5.5753821E+02
      -3.14          340.000    1.420E-02    3.5427018E+02   -2.2290485E-13    3.4435089E+02
      -3.04          340.000   -2.408E-03    3.2318659E+02   -1.1838419E-13    2.9792129E+02
      -2.94          340.000   -2.666E-02    4.1038366E+02   -2.6741766E-15    4.0635534E+02
      -2.84          340.000   -8.263E-02    6.7880354E+02    2.1117354E-13    6.7669833E+02
      -2.74          340.000   -1.778E-01    8.9685979E+02   -1.0220278E-13    9.8294081E+02
      -2.64          340.000   -3.240E-01    9.4660273E+02    2.1878158E-13    1.3289032E+03
      -2.54          340.000   -5.533E-01    7.7084268E+02    1.1717828E-12    1.6798408E+03
      -2.44          340.000   -8.459E-01    5.6776340E+02    4.1628385E-14    1.9416903E+03
      -2.34          340.000   -1.105E+00    3.7572876E+02    2.4083655E-13    2.0927843E+03
      -2.24          340.000   -1.365E+00    3.2562865E+02   -8.0368121E-13    2.0375011E+03
      -2.14          340.000   -1.580E+00    3.3170103E+02   -9.2649199E-14    1.8845906E+03
      -2.04          340.000   -1.730E+00    2.9625639E+02   -6.4689963E-13    1.6655498E+03
      -1.94          340.000   -1.842E+00    2.1988047E+02   -1.7978926E-13    1.3371420E+03
      -1.84          340.000   -1.927E+00    1.4123690E+02   -2.0808049E-13    8.7212711E+02
# T(K) =   350.00   Npoints =      31   V(cm^3) =  4.649E-22
      -4.84          350.000    5.876E+00    2.5085716E+03   -1.8819064E-12    1.6044432E+03
      -4.74          350.000    5.514E+00    2.8580351E+03   -1.0313029E-12    1.1601513E+03
      -4.64          350.000    5.184E+00    3.4094530E+03   -1.6582047E-12    9.2693538E+02
      -4.54          350.000    4.826E+00    3.4110389E+03   -3.8825704E-12    7.1787997E+02
      -4.44          350.000    4.450E+00    2.9567028E+03   -1.4453855E-13    5.9280996E+02
      -4.34          350.000    4.136E+00    1.9276347E+03   -3.1200086E-12    6.3492218E+02
      -4.24          350.000    3.888E+00    1.0784567E+03   -1.0870001E-12    8.1328260E+02
      -4.14          350.000    3.678E+00    6.2275837E+02   -4.7646301E-13    1.1540702E+03
      -4.04          350.000    3.435E+00    7.5099180E+02   -7.8955131E-14    1.5232707E+03
      -3.94          350.000    3.152E+00    1.0760260E+03   -3.6973632E-13    1.6873754E+03
      -3.84          350.000    2.814E+00    9.7119607E+02   -1.9316228E-13    1.4875421E+03
      -3.74          350.000    2.226E+00    9.6236040E+02   -3.0617079E-13    1.3373229E+03
      -3.64          350.000    9.613E-01    9.0976921E+02    2.1484124E-13    1.1125947E+03
      -3.54          350.000    4.185E-01    8.8284034E+02    1.1991537E-12    1.1457304E+03
      -3.44          350.000    2.353E-01    1.0634477E+03    1.5937456E-12    1.0874689E+03
      -3.34          350.000    1.265E-01    9.2271336E+02    9.6243282E-13    8.5237568E+02
      -3.24          350.000    5.491E-02    6.3866114E+02    7.1890152E-13    5.7488798E+02
      -3.14          350.000    1.441E-02    3.7234365E+02   -2.2575834E-13    3.6094303E+02
      -3.04          350.000   -2.479E-03    3.4250583E+02   -1.0721950E-13    3.1507243E+02
      -2.94          350.000   -2.693E-02    4.2615839E+02   -3.0715274E-14    4.2329615E+02
      -2.84          350.000   -8.296E-02    6.9665867E+02    2.1471449E-13    6.9707903E+02
      -2.74          350.000   -1.782E-01    9.1793183E+02   -7.3326772E-14    1.0131521E+03
      -2.64          350.000   -3.247E-01    9.6449479E+02    2.0539861E-13    1.3689459E+03
      -2.54          350.000   -5.540E-01    7.8869628E+02    1.1586665E-12    1.7269702E+03
      -2.44          350.000   -8.456E-01    5.9007410E+02    3.0498340E-14    1.9934429E+03
      -2.34          350.000   -1.105E+00    3.9331808E+02    2.5277909E-13    2.1453028E+03
      -2.24          350.000   -1.365E+00    3.3586959E+02   -8.1912011E-13    2.0946088E+03
      -2.14          350.000   -1.580E+00    3.3905900E+02   -8.2294563E-14    1.9390940E+03
      -2.04          350.000   -1.730E+00    3.0371524E+02   -6.8160922E-13    1.7100336E+03
      -1.94          350.000   -1.842E+00    2.2613626E+02   -1.8951110E-13    1.3723495E+03
      -1.84          350.000   -1.927E+00    1.4655087E+02   -2.0134878E-13    8.9545942E+02
# T(K) =   360.00   Npoints =      31   V(cm^3) =  4.649E-22
      -4.84          360.000    5.877E+00    2.5803734E+03   -1.9558140E-12    1.6442391E+03
      -4.74          360.000    5.514E+00    2.9494306E+03   -1.0217946E-12    1.1958907E+03
      -4.64          360.000    5.184E+00    3.4985692E+03   -1.6962754E-12    9.5787172E+02
      -4.54          360.000    4.826E+00    3.4719072E+03   -3.9964834E-12    7.4276318E+02
      -4.44          360.000    4.451E+00    3.0139388E+03   -1.5267192E-13    6.1158224E+02
      -4.34          360.000    4.137E+00    1.9962765E+03   -3.2191703E-12    6.6031462E+02
      -4.24          360.000    3.888E+00    1.1350652E+03   -1.1237724E-12    8.4524451E+02
      -4.14          360.000    3.678E+00    6.5633133E+02   -4.9633257E-13    1.1889690E+03
      -4.04          360.000    3.434E+00    7.8017854E+02   -1.1908678E-13    1.5580460E+03
      -3.94          360.000    3.152E+00    1.1000346E+03   -3.9749384E-13    1.7193500E+03
      -3.84          360.000    2.812E+00    9.7905272E+02   -1.9150692E-13    1.5224878E+03
      -3.74          360.000    2.218E+00    9.9707676E+02   -3.3031038E-13    1.3889906E+03
      -3.64          360.000    9.691E-01    9.5401362E+02    2.4131153E-13    1.1535433E+03
      -3.54          360.000    4.213E-01    9.0092957E+02    1.2353239E-12    1.1692678E+03
      -3.44          360.000    2.359E-01    1.0818570E+03    1.5708112E-12    1.1133862E+03
      -3.34          360.000    1.269E-01    9.4515765E+02    9.7477345E-13    8.7567406E+02
      -3.24          360.000    5.518E-02    6.5665622E+02    7.7314202E-13    5.9248650E+02
      -3.14          360.000    1.462E-02    3.9099113E+02   -2.2600022E-13    3.7797748E+02
      -3.04          360.000   -2.552E-03    3.6234431E+02   -9.6174141E-14    3.3276578E+02
      -2.94          360.000   -2.721E-02    4.4233696E+02   -5.8470086E-14    4.4062904E+02
      -2.84          360.000   -8.329E-02    7.1444951E+02    2.1799908E-13    7.1770781E+02
      -2.74          360.000   -1.786E-01    9.3851412E+02   -4.3762920E-14    1.0433948E+03
      -2.64          360.000   -3.254E-01    9.8175928E+02    1.9352670E-13    1.4090255E+03
      -2.54          360.000   -5.546E-01    8.0634803E+02    1.1433335E-12    1.7739114E+03
      -2.44          360.000   -8.452E-01    6.1248001E+02    2.0824671E-14    2.0446215E+03
      -2.34          360.000   -1.105E+00    4.1128650E+02    2.6301978E-13    2.1974986E+03
      -2.24          360.000   -1.364E+00    3.4626350E+02   -8.3121739E-13    2.1512008E+03
      -2.14          360.000   -1.579E+00    3.4632033E+02   -7.2870304E-14    1.9932503E+03
      -2.04          360.000   -1.730E+00    3.1105880E+02   -7.1477644E-13    1.7544733E+03
      -1.94          360.000   -1.841E+00    2.3238384E+02   -2.0023852E-13    1.4069971E+03
      -1.84          360.000   -1.927E+00    1.5193030E+02   -1.9482877E-13    9.1905518E+02
# T(K) =   370.00   Npoints =      31   V(cm^3) =  4.649E-22
      -4.84          370.000    5.878E+00    2.6516442E+03   -2.0256325E-12    1.6827498E+03
      -4.74          370.000    5.514E+00    3.0410676E+03   -1.0154052E-12    1.2318932E+03
      -4.64          370.000    5.183E+00    3.5864717E+03   -1.7376447E-12    9.8903011E+02
      -4.54          370.000    4.826E+00    3.5310080E+03   -4.1011641E-12    7.6787967E+02
      -4.44          370.000    4.451E+00    3.0698143E+03   -1.6678923E-13    6.3083917E+02
      -4.34          370.000    4.137E+00    2.0652249E+03   -3.3103945E-12    6.8614643E+02
      -4.24          370.000    3.889E+00    1.1930178E+03   -1.1630721E-12    8.7769405E+02
      -4.14          370.000    3.678E+00    6.9147847E+02   -5.1734470E-13    1.2239224E+03
      -4.04          370.000    3.434E+00    8.0989758E+02   -1.5987896E-13    1.5921862E+03
      -3.94          370.000    3.151E+00    1.1232168E+03   -4.2413314E-13    1.7503859E+03
      -3.84          370.000    2.810E+00    9.8680846E+02   -1.8855224E-13    1.5573597E+03
      -3.74          370.000    2.210E+00    1.0317425E+03   -3.5135038E-13    1.4406109E+03
      -3.64          370.000    9.768E-01    9.9848777E+02    2.6867167E-13    1.1949122E+03
      -3.54          370.000    4.243E-01    9.1935185E+02    1.2692193E-12    1.1926587E+03
      -3.44          370.000    2.366E-01    1.0995715E+03    1.5461263E-12    1.1388168E+03
      -3.34          370.000    1.272E-01    9.6706595E+02    9.8679032E-13    8.9878152E+02
      -3.24          370.000    5.545E-02    6.7478063E+02    8.2668555E-13    6.1033295E+02
      -3.14          370.000    1.483E-02    4.1020665E+02   -2.2356373E-13    3.9546207E+02
      -3.04          370.000   -2.625E-03    3.8269737E+02   -8.5344388E-14    3.5099750E+02
      -2.94          370.000   -2.749E-02    4.5893268E+02   -8.5752894E-14    4.5837086E+02
      -2.84          370.000   -8.364E-02    7.3216949E+02    2.2107448E-13    7.3858992E+02
      -2.74          370.000   -1.791E-01    9.5859331E+02   -1.3715556E-14    1.0736804E+03
      -2.64          370.000   -3.261E-01    9.9841162E+02    1.8313453E-13    1.4491280E+03
      -2.54          370.000   -5.552E-01    8.2380016E+02    1.1260246E-12    1.8206498E+03
      -2.44          370.000   -8.449E-01    6.3496370E+02    1.2508755E-14    2.0952425E+03
      -2.34          370.000   -1.105E+00    4.2962088E+02    2.7157607E-13    2.2493456E+03
      -2.24          370.000   -1.364E+00    3.5681933E+02   -8.4012366E-13    2.2072818E+03
      -2.14          370.000   -1.579E+00    3.5349625E+02   -6.4383269E-14    2.0470594E+03
      -2.04          370.000   -1.729E+00    3.1828643E+02   -7.4632542E-13    1.7988240E+03
      -1.94          370.000   -1.841E+00    2.3862306E+02   -2.1188488E-13    1.4411225E+03
      -1.84          370.000   -1.927E+00    1.5737067E+02   -1.8858480E-13    9.4291866E+02
# T(K) =   380.00   Npoints =      31   V(cm^3) =  4.649E-22
      -4.84          380.000    5.880E+00    2.7223604E+03   -2.0913065E-12    1.7199430E+03
      -4.74          380.000    5.514E+00    3.1328436E+03   -1.0122903E-12    1.2681177E+03
      -4.64          380.000    5.183E+00    3.6731133E+03   -1.7822076E-12    1.0204090E+03
      -4.54          380.000    4.826E+00    3.5884137E+03   -4.1970408E-12    7.9324263E+02
      -4.44          380.000    4.452E+00    3.1243539E+03   -1.8625395E-13    6.5059499E+02
      -4.34          380.000    4.138E+00    2.1344162E+03   -3.3937657E-12    7.1242368E+02
      -4.24          380.000    3.889E+00    1.2522891E+03   -1.2048627E-12    9.1061868E+02
      -4.14          380.000    3.677E+00    7.2822005E+02   -5.3961913E-13    1.2589185E+03
      -4.04          380.000    3.434E+00    8.4014566E+02   -2.0130000E-13    1.6256894E+03
      -3.94          380.000    3.151E+00    1.1455945E+03   -4.4966447E-13    1.7805129E+03
      -3.84          380.000    2.808E+00    9.9453119E+02   -1.8439378E-13    1.5921706E+03
      -3.74          380.000    2.202E+00    1.0663264E+03   -3.6920916E-13    1.4921476E+03
      -3.64          380.000    9.844E-01    1.0431184E+03    2.9680731E-13    1.2366575E+03
      -3.54          380.000    4.273E-01    9.3813331E+02    1.3008273E-12    1.2159439E+03
      -3.44          380.000    2.373E-01    1.1166124E+03    1.5198036E-12    1.1637658E+03
      -3.34          380.000    1.276E-01    9.8844106E+02    9.9839797E-13    9.2170049E+02
      -3.24          380.000    5.574E-02    6.9303515E+02    8.7947283E-13    6.2842739E+02
      -3.14          380.000    1.505E-02    4.2998312E+02   -2.1841102E-13    4.1340347E+02
      -3.04          380.000   -2.699E-03    4.0356000E+02   -7.4802378E-14    3.6976393E+02
      -2.94          380.000   -2.778E-02    4.7595579E+02   -1.1239974E-13    4.7653685E+02
      -2.84          380.000   -8.400E-02    7.4981402E+02    2.2398531E-13    7.5973185E+02
      -2.74          380.000   -1.796E-01    9.7815858E+02    1.6625963E-14    1.1040198E+03
      -2.64          380.000   -3.268E-01    1.0144677E+03    1.7417343E-13    1.4892396E+03
      -2.54          380.000   -5.559E-01    8.4105480E+02    1.1069620E-12    1.8671716E+03
      -2.44          380.000   -8.446E-01    6.5750837E+02    5.4397048E-15    2.1453207E+03
      -2.34          380.000   -1.105E+00    4.4830710E+02    2.7848616E-13    2.3008204E+03
      -2.24          380.000   -1.363E+00    3.6754552E+02   -8.4600047E-13    2.2628547E+03
      -2.14          380.000   -1.578E+00    3.6059823E+02   -5.6829587E-14    2.1005181E+03
      -2.04          380.000   -1.729E+00    3.2539817E+02   -7.7620284E-13    1.8430452E+03
      -1.94          380.000   -1.841E+00    2.4485353E+02   -2.2436202E-13    1.4747625E+03
      -1.84          380.000   -1.927E+00    1.6286745E+02   -1.8267505E-13    9.6705070E+02
# T(K) =   390.00   Npoints =      31   V(cm^3) =  4.649E-22
      -4.84          390.000    5.881E+00    2.7925012E+03   -2.1528264E-12    1.7557939E+03
      -4.74          390.000    5.515E+00    3.2246555E+03   -1.0125567E-12    1.3045216E+03
      -4.64          390.000    5.183E+00    3.7584515E+03   -1.8298190E-12    1.0520062E+03
      -4.54          390.000    4.826E+00    3.6441928E+03   -4.2845513E-12    8.1886496E+02
      -4.44          390.000    4.452E+00    3.1775879E+03   -2.1047632E-13    6.7086435E+02
      -4.34          390.000    4.138E+00    2.2037899E+03   -3.4694377E-12    7.3915245E+02
      -4.24          390.000    3.890E+00    1.3128509E+03   -1.2490715E-12    9.4400479E+02
      -4.14          390.000    3.677E+00    7.6657058E+02   -5.6326524E-13    1.2939449E+03
      -4.04          390.000    3.433E+00    8.7091992E+02   -2.4331810E-13    1.6585558E+03
      -3.94          390.000    3.150E+00    1.1671959E+03   -4.7411270E-13    1.8097625E+03
      -3.84          390.000    2.806E+00    1.0022837E+03   -1.7913040E-13    1.6269298E+03
      -3.74          390.000    2.195E+00    1.1007996E+03   -3.8383958E-13    1.5435656E+03
      -3.64          390.000    9.918E-01    1.0878355E+03    3.2560749E-13    1.2787368E+03
      -3.54          390.000    4.305E-01    9.5729488E+02    1.3301393E-12    1.2391627E+03
      -3.44          390.000    2.381E-01    1.1330049E+03    1.4919616E-12    1.1882403E+03
      -3.34          390.000    1.279E-01    1.0092861E+03    1.0095195E-12    9.4443295E+02
      -3.24          390.000    5.603E-02    7.1142040E+02    9.3144787E-13    6.4677048E+02
      -3.14          390.000    1.527E-02    4.5031251E+02   -2.1053090E-13    4.3180727E+02
      -3.04          390.000   -2.773E-03    4.2492685E+02   -6.4597686E-14    3.8906163E+02
      -2.94          390.000   -2.807E-02    4.9341379E+02   -1.3826732E-13    4.9514077E+02
      -2.84          390.000   -8.437E-02    7.6738015E+02    2.2677308E-13    7.8114112E+02
      -2.74          390.000   -1.800E-01    9.9720148E+02    4.7088091E-14    1.1344232E+03
      -2.64          390.000   -3.276E-01    1.0299437E+03    1.6658128E-13    1.5293469E+03
      -2.54          390.000   -5.565E-01    8.5811402E+02    1.0863503E-12    1.9134640E+03
      -2.44          390.000   -8.443E-01    6.8009784E+02   -5.0160911E-16    2.1948693E+03
      -2.34          390.000   -1.105E+00    4.6733021E+02    2.8380524E-13    2.3519019E+03
      -2.24          390.000   -1.363E+00    3.7844993E+02   -8.4901686E-13    2.3179210E+03
      -2.14          390.000   -1.577E+00    3.6763791E+02   -5.0195411E-14    2.1536203E+03
      -2.04          390.000   -1.729E+00    3.3239476E+02   -8.0437512E-13    1.8871010E+03
      -1.94          390.000   -1.841E+00    2.5107465E+02   -2.3758167E-13    1.5079521E+03
      -1.84          390.000   -1.927E+00    1.6841619E+02   -1.7715153E-13    9.9144952E+02
# T(K) =   400.00   Npoints =      31   V(cm^3) =  4.649E-22
      -4.84          400.000    5.882E+00    2.8620487E+03   -2.2102235E-12    1.7902844E+03
      -4.74          400.000    5.515E+00    3.3164001E+03   -1.0162683E-12    1.3410603E+03
      -4.64          400.000    5.182E+00    3.8424479E+03   -1.8803015E-12    1.0838193E+03
      -4.54          400.000    4.826E+00    3.6984109E+03   -4.3641367E-12    8.4475916E+02
      -4.44          400.000    4.453E+00    3.2295523E+03   -2.3891208E-13    6.9166202E+02
      -4.34          400.000    4.139E+00    2.2732882E+03   -3.5376221E-12    7.6633876E+02
      -4.24          400.000    3.890E+00    1.3746722E+03   -1.2955949E-12    9.7783777E+02
      -4.14          400.000    3.677E+00    8.0653891E+02   -5.8838087E-13    1.3289891E+03
      -4.04          400.000    3.433E+00    9.0221803E+02   -2.8590168E-13    1.6907871E+03
      -3.94          400.000    3.149E+00    1.1880545E+03   -4.9751405E-13    1.8381678E+03
      -3.84          400.000    2.804E+00    1.0101237E+03   -1.7286103E-13    1.6616429E+03
      -3.74          400.000    2.188E+00    1.1351360E+03   -3.9522498E-13    1.5948316E+03
      -3.64          400.000    9.992E-01    1.1325725E+03    3.5496529E-13    1.3211098E+03
      -3.54          400.000    4.338E-01    9.7685249E+02    1.3571519E-12    1.2623520E+03
      -3.44          400.000    2.389E-01    1.1487772E+03    1.4627221E-12    1.2122492E+03
      -3.34          400.000    1.283E-01    1.0296048E+03    1.0200865E-12    9.6698067E+02
      -3.24          400.000    5.633E-02    7.2993679E+02    9.8255799E-13    6.6536334E+02
      -3.14          400.000    1.550E-02    4.7118588E+02   -1.9993651E-13    4.5067801E+02
      -3.04          400.000   -2.848E-03    4.4679224E+02   -5.4759210E-14    4.0888736E+02
      -2.94          400.000   -2.837E-02    5.1131162E+02   -1.6323163E-13    5.1419499E+02
      -2.84          400.000   -8.475E-02    7.8486626E+02    2.2947591E-13    8.0282613E+02
      -2.74          400.000   -1.805E-01    1.0157158E+03    7.7513375E-14    1.1648997E+03
      -2.64          400.000   -3.283E-01    1.0448561E+03    1.6028595E-13    1.5694371E+03
      -2.54          400.000   -5.572E-01    8.7497974E+02    1.0643772E-12    1.9595148E+03
      -2.44          400.000   -8.440E-01    7.0271646E+02   -5.4390582E-15    2.2438997E+03
      -2.34          400.000   -1.105E+00    4.8667452E+02    2.8760199E-13    2.4025718E+03
      -2.24          400.000   -1.363E+00    3.8953975E+02   -8.4934643E-13    2.3724811E+03
      -2.14          400.000   -1.577E+00    3.7462701E+02   -4.4457859E-14    2.2063579E+03
      -2.04          400.000   -1.728E+00    3.3927762E+02   -8.3082570E-13    1.9309588E+03
      -1.94          400.000   -1.840E+00    2.5728563E+02   -2.5145653E-13    1.5407250E+03
      -1.84          400.000   -1.927E+00    1.7401250E+02   -1.7206008E-13    1.0161113E+03
# T(K) =   410.00   Npoints =      31   V(cm^3) =  4.649E-22
      -4.84          410.000    5.883E+00    2.9309876E+03   -2.2635651E-12    1.8234029E+03
      -4.74          410.000    5.515E+00    3.4079746E+03   -1.0234504E-12    1.3776885E+03
      -4.64          410.000    5.182E+00    3.9250678E+03   -1.9334536E-12    1.1158447E+03
      -4.54          410.000    4.825E+00    3.7511302E+03   -4.4362356E-12    8.7093737E+02
      -4.44          410.000    4.454E+00    3.2802867E+03   -2.7106060E-13    7.1300264E+02
      -4.34          410.000    4.139E+00    2.3428570E+03   -3.5985772E-12    7.9398841E+02
      -4.24          410.000    3.890E+00    1.4377194E+03   -1.3443047E-12    1.0121022E+03
      -4.14          410.000    3.676E+00    8.4812845E+02   -6.1505145E-13    1.3640383E+03
      -4.04          410.000    3.433E+00    9.3403832E+02   -3.2901963E-13    1.7223871E+03
      -3.94          410.000    3.149E+00    1.2082086E+03   -5.1991329E-13    1.8657632E+03
      -3.84          410.000    2.802E+00    1.0181042E+03   -1.6568227E-13    1.6963124E+03
      -3.74          410.000    2.181E+00    1.1693114E+03   -4.0337538E-13    1.6459135E+03
      -3.64          410.000    1.006E+00    1.1772665E+03    3.8477816E-13    1.3637375E+03
      -3.54          410.000    4.372E-01    9.9681720E+02    1.3818669E-12    1.2855466E+03
      -3.44          410.000    2.397E-01    1.1639603E+03    1.4322083E-12    1.2358035E+03
      -3.34          410.000    1.287E-01    1.0494020E+03    1.0300392E-12    9.8934543E+02
      -3.24          410.000    5.664E-02    7.4858448E+02    1.0327539E-12    6.8420734E+02
      -3.14          410.000    1.572E-02    4.9259349E+02   -1.8666279E-13    4.7001924E+02
      -3.04          410.000   -2.923E-03    4.6915013E+02   -4.5297240E-14    4.2923813E+02
      -2.94          410.000   -2.868E-02    5.2965193E+02   -1.8718646E-13    5.3371067E+02
      -2.84          410.000   -8.514E-02    8.0227187E+02    2.3212839E-13    8.2479595E+02
      -2.74          410.000   -1.811E-01    1.0336977E+03    1.0776032E-13    1.1954580E+03
      -2.64          410.000   -3.291E-01    1.0592214E+03    1.5520813E-13    1.6094977E+03
      -2.54          410.000   -5.578E-01    8.9165377E+02    1.0412144E-12    2.0053130E+03
      -2.44          410.000   -8.437E-01    7.2534914E+02   -9.4982693E-15    2.2924221E+03
      -2.34          410.000   -1.105E+00    5.0632373E+02    2.8995543E-13    2.4528139E+03
      -2.24          410.000   -1.362E+00    4.0082152E+02   -8.4716488E-13    2.4265339E+03
      -2.14          410.000   -1.576E+00    3.8157729E+02   -3.9586074E-14    2.2587211E+03
      -2.04          410.000   -1.728E+00    3.4604884E+02   -8.5555265E-13    1.9745901E+03
      -1.94          410.000   -1.840E+00    2.6348556E+02   -2.6590123E-13    1.5731132E+03
      -1.84          410.000   -1.927E+00    1.7965207E+02   -1.6744044E-13    1.0410310E+03
# T(K) =   420.00   Npoints =      31   V(cm^3) =  4.649E-22
      -4.84          420.000    5.885E+00    2.9993049E+03   -2.3129499E-12    1.8551441E+03
      -4.74          420.000    5.516E+00    3.4992770E+03   -1.0340949E-12    1.4143599E+03
      -4.64          420.000    5.182E+00    4.0062804E+03   -1.9890556E-12    1.1480783E+03
      -4.54          420.000    4.825E+00    3.8024100E+03   -4.5012809E-12    8.9741132E+02
      -4.44          420.000    4.454E+00    3.3298340E+03   -3.0646261E-13    7.3490058E+02
      -4.34          420.000    4.140E+00    2.4124451E+03   -3.6525982E-12    8.2210692E+02
      -4.24          420.000    3.891E+00    1.5019567E+03   -1.3950530E-12    1.0467819E+03
      -4.14          420.000    3.676E+00    8.9133740E+02   -6.4334934E-13    1.3990795E+03
      -4.04          420.000    3.432E+00    9.6637989E+02   -3.7264160E-13    1.7533613E+03
      -3.94          420.000    3.148E+00    1.2277009E+03   -5.4136139E-13    1.8925836E+03
      -3.84          420.000    2.799E+00    1.0262736E+03   -1.5768665E-13    1.7309383E+03
      -3.74          420.000    2.174E+00    1.2033040E+03   -4.0832409E-13    1.6967807E+03
      -3.64          420.000    1.013E+00    1.2218580E+03    4.1494824E-13    1.4065827E+03
      -3.54          420.000    4.408E-01    1.0171955E+03    1.4042918E-12    1.3087783E+03
      -3.44          420.000    2.406E-01    1.1785871E+03    1.4005425E-12    1.2589157E+03
      -3.34          420.000    1.291E-01    1.0686834E+03    1.0393262E-12    1.0115292E+03
      -3.24          420.000    5.695E-02    7.6736334E+02    1.0819897E-12    7.0330399E+02
      -3.14          420.000    1.595E-02    5.1452488E+02   -1.7076400E-13    4.8983357E+02
      -3.04          420.000   -2.999E-03    4.9199417E+02   -3.6205627E-14    4.5011116E+02
      -2.94          420.000   -2.899E-02    5.4843527E+02   -2.1004183E-13    5.5369781E+02
      -2.84          420.000   -8.554E-02    8.1959738E+02    2.3476157E-13    8.4706021E+02
      -2.74          420.000   -1.816E-01    1.0511450E+03    1.3770294E-13    1.2261057E+03
      -2.64          420.000   -3.299E-01    1.0730562E+03    1.5126366E-13    1.6495168E+03
      -2.54          420.000   -5.584E-01    9.0813780E+02    1.0170186E-12    2.0508481E+03
      -2.44          420.000   -8.434E-01    7.4798128E+02   -1.2804124E-14    2.3404451E+03
      -2.34          420.000   -1.105E+00    5.2626104E+02    2.9095214E-13    2.5026139E+03
      -2.24          420.000   -1.362E+00    4.1230103E+02   -8.4264791E-13    2.4800772E+03
      -2.14          420.000   -1.576E+00    3.8850050E+02   -3.5542345E-14    2.3106987E+03
      -2.04          420.000   -1.728E+00    3.5271116E+02   -8.7856633E-13    2.0179694E+03
      -1.94          420.000   -1.840E+00    2.6967342E+02   -2.8083290E-13    1.6051471E+03
      -1.84          420.000   -1.927E+00    1.8533076E+02   -1.6332646E-13    1.0662021E+03
# T(K) =   430.00   Npoints =      31   V(cm^3) =  4.649E-22
      -4.84          430.000    5.886E+00    3.0669896E+03   -2.3585027E-12    1.8855084E+03
      -4.74          430.000    5.516E+00    3.5902071E+03   -1.0481646E-12    1.4510282E+03
      -4.64          430.000    5.182E+00    4.0860582E+03   -2.0468757E-12    1.1805148E+03
      -4.54          430.000    4.825E+00    3.8523070E+03   -4.5596953E-12    9.2419229E+02
      -4.44          430.000    4.455E+00    3.3782397E+03   -3.4469774E-13    7.5736969E+02
      -4.34          430.000    4.141E+00    2.4820046E+03   -3.7000087E-12    8.5069943E+02
      -4.24          430.000    3.891E+00    1.5673460E+03   -1.4476766E-12    1.0818604E+03
      -4.14          430.000    3.676E+00    9.3615891E+02   -6.7333358E-13    1.4340996E+03
      -4.04          430.000    3.432E+00    9.9924266E+02   -4.1673813E-13    1.7837166E+03
      -3.94          430.000    3.147E+00    1.2465779E+03   -5.6191353E-13    1.9186651E+03
      -3.84          430.000    2.797E+00    1.0346760E+03   -1.4896144E-13    1.7655180E+03
      -3.74          430.000    2.167E+00    1.2370941E+03   -4.1012461E-13    1.7474039E+03
      -3.64          430.000    1.020E+00    1.2662909E+03    4.4538249E-13    1.4496096E+03
      -3.54          430.000    4.444E-01    1.0379896E+03    1.4244403E-12    1.3320766E+03
      -3.44          430.000    2.416E-01    1.1926924E+03    1.3678455E-12    1.2816002E+03
      -3.34          430.000    1.295E-01    1.0874563E+03    1.0479040E-12    1.0335344E+03
      -3.24          430.000    5.728E-02    7.8627293E+02    1.1302231E-12    7.2265482E+02
      -3.14          430.000    1.619E-02    5.3696892E+02   -1.5231127E-13    5.1012275E+02
      -3.04          430.000   -3.075E-03    5.1531758E+02   -2.7463969E-14    4.7150383E+02
      -2.94          430.000   -2.931E-02    5.6766034E+02   -2.3172244E-13    5.7416540E+02
      -2.84          430.000   -8.595E-02    8.3684392E+02    2.3740302E-13    8.6962886E+02
      -2.74          430.000   -1.821E-01    1.0680579E+03    1.6723010E-13    1.2568501E+03
      -2.64          430.000   -3.307E-01    1.0863771E+03    1.4836554E-13    1.6894832E+03
      -2.54          430.000   -5.591E-01    9.2443335E+02    9.9193264E-13    2.0961103E+03
      -2.44          430.000   -8.431E-01    7.7059877E+02   -1.5478705E-14    2.3879762E+03
      -2.34          430.000   -1.105E+00    5.4646924E+02    2.9068383E-13    2.5519598E+03
      -2.24          430.000   -1.361E+00    4.2398332E+02   -8.3596956E-13    2.5331079E+03
      -2.14          430.000   -1.575E+00    3.9540832E+02   -3.2283238E-14    2.3622783E+03
      -2.04          430.000   -1.727E+00    3.5926790E+02   -8.9988744E-13    2.0610740E+03
      -1.94          430.000   -1.840E+00    2.7584815E+02   -2.9617179E-13    1.6368553E+03
      -1.84          430.000   -1.927E+00    1.9104453E+02   -1.5974631E-13    1.0916178E+03
# T(K) =   440.00   Npoints =      31   V(cm^3) =  4.649E-22
      -4.84          440.000    5.887E+00    3.1340322E+03   -2.4003704E-12    1.9145013E+03
      -4.74          440.000    5.516E+00    3.6806662E+03   -1.0655971E-12    1.4876472E+03
      -4.64          440.000    5.181E+00    4.1643767E+03   -2.1066746E-12    1.2131481E+03
      -4.54          440.000    4.825E+00    3.9008750E+03   -4.6118897E-12    9.5129107E+02
      -4.44          440.000    4.455E+00    3.4255508E+03   -3.8538194E-13    7.8042324E+02
      -4.34          440.000    4.141E+00    2.5514910E+03   -3.7411524E-12    8.7977062E+02
      -4.24          440.000    3.892E+00    1.6338473E+03   -1.5020019E-12    1.1173204E+03
      -4.14          440.000    3.676E+00    9.8258145E+02   -7.0504976E-13    1.4690857E+03
      -4.04          440.000    3.431E+00    1.0326274E+03   -4.6128076E-13    1.8134618E+03
      -3.94          440.000    3.146E+00    1.2648893E+03   -5.8162742E-13    1.9440435E+03
      -3.84          440.000    2.794E+00    1.0433512E+03   -1.3958797E-13    1.8000468E+03
      -3.74          440.000    2.161E+00    1.2706639E+03   -4.0884775E-13    1.7977552E+03
      -3.64          440.000    1.027E+00    1.3105131E+03    4.7599280E-13    1.4927838E+03
      -3.54          440.000    4.481E-01    1.0591978E+03    1.4423318E-12    1.3554681E+03
      -3.44          440.000    2.426E-01    1.2063119E+03    1.3342345E-12    1.3038730E+03
      -3.34          440.000    1.300E-01    1.1057293E+03    1.0557366E-12    1.0553637E+03
      -3.24          440.000    5.761E-02    8.0531253E+02    1.1774150E-12    7.4226132E+02
      -3.14          440.000    1.642E-02    5.5991391E+02   -1.3139022E-13    5.3088771E+02
      -3.04          440.000   -3.153E-03    5.3911326E+02   -1.9039767E-14    4.9341374E+02
      -2.94          440.000   -2.963E-02    5.8732414E+02   -2.5216613E-13    5.9512149E+02
      -2.84          440.000   -8.637E-02    8.5401316E+02    2.4007705E-13    8.9251209E+02
      -2.74          440.000   -1.827E-01    1.0844382E+03    1.9624467E-13    1.2876978E+03
      -2.64          440.000   -3.316E-01    1.0992007E+03    1.4642551E-13    1.7293859E+03
      -2.54          440.000   -5.597E-01    9.4054184E+02    9.6608646E-13    2.1410904E+03
      -2.44          440.000   -8.428E-01    7.9318799E+02   -1.7639658E-14    2.4350219E+03
      -2.34          440.000   -1.105E+00    5.6693083E+02    2.8924523E-13    2.6008409E+03
      -2.24          440.000   -1.361E+00    4.3587267E+02   -8.2730073E-13    2.5856222E+03
      -2.14          440.000   -1.574E+00    4.0231229E+02   -2.9760705E-14    2.4134472E+03
      -2.04          440.000   -1.727E+00    3.6572296E+02   -9.1954515E-13    2.1038842E+03
      -1.94          440.000   -1.839E+00    2.8200863E+02   -3.1184155E-13    1.6682648E+03
      -1.84          440.000   -1.927E+00    1.9678953E+02   -1.5672268E-13    1.1172706E+03
# T(K) =   450.00   Npoints =      31   V(cm^3) =  4.649E-22
      -4.84          450.000    5.888E+00    3.2004250E+03   -2.4387182E-12    1.9421332E+03
      -4.74          450.000    5.517E+00    3.7705582E+03   -1.0863088E-12    1.5241712E+03
      -4.64          450.000    5.181E+00    4.2412145E+03   -2.1682098E-12    1.2459711E+03
      -4.54          450.000    4.825E+00    3.9481656E+03   -4.6582611E-12    9.7871796E+02
      -4.44          450.000    4.456E+00    3.4718154E+03   -4.2816494E-13    8.0407371E+02
      -4.34          450.000    4.142E+00    2.6208629E+03   -3.7763867E-12    9.0932468E+02
      -4.24          450.000    3.892E+00    1.7014189E+03   -1.5578487E-12    1.1531447E+03
      -4.14          450.000    3.675E+00    1.0305890E+03   -7.3853018E-13    1.5040251E+03
      -4.04          450.000    3.431E+00    1.0665357E+03   -5.0624212E-13    1.8426070E+03
      -3.94          450.000    3.146E+00    1.2826875E+03   -6.0056203E-13    1.9687550E+03
      -3.84          450.000    2.792E+00    1.0523353E+03   -1.2964123E-13    1.8345183E+03
      -3.74          450.000    2.154E+00    1.3039976E+03   -4.0457912E-13    1.8478079E+03
      -3.64          450.000    1.034E+00    1.3544754E+03    5.0669596E-13    1.5360722E+03
      -3.54          450.000    4.519E-01    1.0808147E+03    1.4579917E-12    1.3789765E+03
      -3.44          450.000    2.436E-01    1.2194820E+03    1.2998229E-12    1.3257516E+03
      -3.34          450.000    1.304E-01    1.1235127E+03    1.0627951E-12    1.0770206E+03
      -3.24          450.000    5.795E-02    8.2448112E+02    1.2235300E-12    7.6212482E+02
      -3.14          450.000    1.666E-02    5.8334758E+02   -1.0809865E-13    5.5212866E+02
      -3.04          450.000   -3.230E-03    5.6337368E+02   -1.0890495E-14    5.1583861E+02
      -2.94          450.000   -2.996E-02    6.0742221E+02   -2.7132246E-13    6.1657329E+02
      -2.84          450.000   -8.680E-02    8.7110727E+02    2.4280487E-13    9.1572016E+02
      -2.74          450.000   -1.832E-01    1.1002897E+03    2.2466266E-13    1.3186547E+03
      -2.64          450.000   -3.324E-01    1.1115434E+03    1.4535532E-13    1.7692149E+03
      -2.54          450.000   -5.603E-01    9.5646453E+02    9.3959792E-13    2.1857801E+03
      -2.44          450.000   -8.426E-01    8.1573573E+02   -1.9398911E-14    2.4815877E+03
      -2.34          450.000   -1.105E+00    5.8762809E+02    2.8673227E-13    2.6492481E+03
      -2.24          450.000   -1.360E+00    4.4797255E+02   -8.1680815E-13    2.6376152E+03
      -2.14          450.000   -1.574E+00    4.0922379E+02   -2.7923133E-14    2.4641918E+03
      -2.04          450.000   -1.726E+00    3.7208079E+02   -9.3757548E-13    2.1463824E+03
      -1.94          450.000   -1.839E+00    2.8815377E+02   -3.2776954E-13    1.6994008E+03
      -1.84          450.000   -1.927E+00    2.0256206E+02   -1.5427314E-13    1.1431530E+03
# T(K) =   460.00   Npoints =      31   V(cm^3) =  4.649E-22
      -4.84          460.000    5.890E+00    3.2661614E+03   -2.4737250E-12    1.9684190E+03
      -4.74          460.000    5.517E+00    3.8597897E+03   -1.1101979E-12    1.5605553E+03
      -4.64          460.000    5.181E+00    4.3165530E+03   -2.2312389E-12    1.2789757E+03
      -4.54          460.000    4.825E+00    3.9942283E+03   -4.6991910E-12    1.0064827E+03
      -4.44          460.000    4.457E+00    3.5170824E+03   -4.7272766E-13    8.2833275E+02
      -4.34          460.000    4.142E+00    2.6900823E+03   -3.8060769E-12    9.3936523E+02
      -4.24          460.000    3.892E+00    1.7700173E+03   -1.6150331E-12    1.1893158E+03
      -4.14          460.000    3.675E+00    1.0801613E+03   -7.7379421E-13    1.5389052E+03
      -4.04          460.000    3.431E+00    1.1009700E+03   -5.5159588E-13    1.8711637E+03
      -3.94          460.000    3.145E+00    1.3000272E+03   -6.1877643E-13    1.9928356E+03
      -3.84          460.000    2.789E+00    1.0616610E+03   -1.1918984E-13    1.8689245E+03
      -3.74          460.000    2.148E+00    1.3370811E+03   -3.9741678E-13    1.8975368E+03
      -3.64          460.000    1.040E+00    1.3981326E+03    5.3741365E-13    1.5794430E+03
      -3.54          460.000    4.558E-01    1.1028317E+03    1.4714514E-12    1.4026229E+03
      -3.44          460.000    2.447E-01    1.2322396E+03    1.2647191E-12    1.3472546E+03
      -3.34          460.000    1.309E-01    1.1408180E+03    1.0690574E-12    1.0985093E+03
      -3.24          460.000    5.830E-02    8.4377740E+02    1.2685360E-12    7.8224653E+02
      -3.14          460.000    1.689E-02    6.0725722E+02   -8.2544437E-14    5.7384512E+02
      -3.04          460.000   -3.309E-03    5.8809089E+02   -2.9655604E-15    5.3877626E+02
      -2.94          460.000   -3.029E-02    6.2794872E+02   -2.8915137E-13    6.3852723E+02
      -2.84          460.000   -8.724E-02    8.8812872E+02    2.4560490E-13    9.3926328E+02
      -2.74          460.000   -1.838E-01    1.1156176E+03    2.5241219E-13    1.3497262E+03
      -2.64          460.000   -3.333E-01    1.1234216E+03    1.4506781E-13    1.8089604E+03
      -2.54          460.000   -5.610E-01    9.7220255E+02    9.1257392E-13    2.2301712E+03
      -2.44          460.000   -8.423E-01    8.3822925E+02   -2.0861720E-14    2.5276782E+03
      -2.34          460.000   -1.104E+00    6.0854320E+02    2.8324061E-13    2.6971737E+03
      -2.24          460.000   -1.360E+00    4.6028567E+02   -8.0465342E-13    2.6890818E+03
      -2.14          460.000   -1.573E+00    4.1615401E+02   -2.6716335E-14    2.5144985E+03
      -2.04          460.000   -1.726E+00    3.7834634E+02   -9.5401993E-13    2.1885534E+03
      -1.94          460.000   -1.839E+00    2.9428252E+02   -3.4388697E-13    1.7302871E+03
      -1.84          460.000   -1.927E+00    2.0835860E+02   -1.5241036E-13    1.1692573E+03
# T(K) =   470.00   Npoints =      31   V(cm^3) =  4.649E-22
      -4.84          470.000    5.891E+00    3.3312358E+03   -2.5055808E-12    1.9933773E+03
      -4.74          470.000    5.517E+00    3.9482704E+03   -1.1371478E-12    1.5967556E+03
      -4.64          470.000    5.181E+00    4.3903760E+03   -2.2955226E-12    1.3121529E+03
      -4.54          470.000    4.825E+00    4.0391101E+03   -4.7350445E-12    1.0345943E+03
      -4.44          470.000    4.457E+00    3.5614006E+03   -5.1877987E-13    8.5321107E+02
      -4.34          470.000    4.143E+00    2.7591141E+03   -3.8305908E-12    9.6989531E+02
      -4.24          470.000    3.893E+00    1.8395980E+03   -1.6733706E-12    1.2258158E+03
      -4.14          470.000    3.675E+00    1.1312743E+03   -8.1084871E-13    1.5737137E+03
      -4.04          470.000    3.430E+00    1.1359336E+03   -5.9731671E-13    1.8991448E+03
      -3.94          470.000    3.144E+00    1.3169649E+03   -6.3632900E-13    2.0163210E+03
      -3.84          470.000    2.786E+00    1.0713573E+03   -1.0829614E-13    1.9032562E+03
      -3.74          470.000    2.142E+00    1.3699019E+03   -3.8746921E-13    1.9469177E+03
      -3.64          470.000    1.047E+00    1.4414426E+03    5.6807231E-13    1.6228656E+03
      -3.54          470.000    4.598E-01    1.1252372E+03    1.4827476E-12    1.4264257E+03
      -3.44          470.000    2.459E-01    1.2446217E+03    1.2290263E-12    1.3684019E+03
      -3.34          470.000    1.314E-01    1.1576586E+03    1.0745072E-12    1.1198344E+03
      -3.24          470.000    5.865E-02    8.6319986E+02    1.3124043E-12    8.0262744E+02
      -3.14          470.000    1.713E-02    6.3162967E+02   -5.4843532E-14    5.9603598E+02
      -3.04          470.000   -3.388E-03    6.1325654E+02    4.7918764E-15    5.6222463E+02
      -2.94          470.000   -3.063E-02    6.4889667E+02   -3.0562192E-13    6.6098900E+02
      -2.84          470.000   -8.769E-02    9.0508027E+02    2.4849302E-13    9.6315153E+02
      -2.74          470.000   -1.844E-01    1.1304287E+03    2.7943258E-13    1.3809175E+03
      -2.64          470.000   -3.341E-01    1.1348516E+03    1.4547770E-13    1.8486134E+03
      -2.54          470.000   -5.616E-01    9.8775691E+02    8.8511117E-13    2.2742565E+03
      -2.44          470.000   -8.421E-01    8.6065624E+02   -2.2126000E-14    2.5732974E+03
      -2.34          470.000   -1.104E+00    6.2965825E+02    2.7886439E-13    2.7446110E+03
      -2.24          470.000   -1.359E+00    4.7281394E+02   -7.9099231E-13    2.7400161E+03
      -2.14          470.000   -1.572E+00    4.2311385E+02   -2.6084446E-14    2.5643535E+03
      -2.04          470.000   -1.725E+00    3.8452499E+02   -9.6892419E-13    2.2303836E+03
      -1.94          470.000   -1.839E+00    3.0039388E+02   -3.6012900E-13    1.7609457E+03
      -1.84          470.000   -1.927E+00    2.1417581E+02   -1.5114249E-13    1.1955758E+03
# T(K) =   480.00   Npoints =      31   V(cm^3) =  4.649E-22
      -4.84          480.000    5.892E+00    3.3956434E+03   -2.5344828E-12    2.0170303E+03
      -4.74          480.000    5.518E+00    4.0359134E+03   -1.1670296E-12    1.6327300E+03
      -4.64          480.000    5.180E+00    4.4626701E+03   -2.3608269E-12    1.3454928E+03
      -4.54          480.000    4.825E+00    4.0828561E+03   -4.7661702E-12    1.0630613E+03
      -4.44          480.000    4.458E+00    3.6048187E+03   -5.6605783E-13    8.7871838E+02
      -4.34          480.000    4.144E+00    2.8279263E+03   -3.8502950E-12    1.0009173E+03
      -4.24          480.000    3.893E+00    1.9101152E+03   -1.7326787E-12    1.2626274E+03
      -4.14          480.000    3.674E+00    1.1839004E+03   -8.4968870E-13    1.6084390E+03
      -4.04          480.000    3.430E+00    1.1714303E+03   -6.4338023E-13    1.9265642E+03
      -3.94          480.000    3.143E+00    1.3335585E+03   -6.5327673E-13    2.0392462E+03
      -3.84          480.000    2.783E+00    1.0814505E+03   -9.7016530E-14    1.9375032E+03
      -3.74          480.000    2.136E+00    1.4024493E+03   -3.7485339E-13    1.9959278E+03
      -3.64          480.000    1.053E+00    1.4843664E+03    5.9860301E-13    1.6663106E+03
      -3.54          480.000    4.639E-01    1.1480173E+03    1.4919224E-12    1.4504007E+03
      -3.44          480.000    2.471E-01    1.2566649E+03    1.1928421E-12    1.3892143E+03
      -3.34          480.000    1.319E-01    1.1740493E+03    1.0791338E-12    1.1410016E+03
      -3.24          480.000    5.902E-02    8.8274675E+02    1.3551095E-12    8.2326835E+02
      -3.14          480.000    1.738E-02    6.5645142E+02   -2.5118151E-14    6.1869959E+02
      -3.04          480.000   -3.467E-03    6.3886185E+02    1.2443226E-14    5.8618171E+02
      -2.94          480.000   -3.097E-02    6.7025803E+02   -3.2071117E-13    6.8396367E+02
      -2.84          480.000   -8.815E-02    9.2196488E+02    2.5148285E-13    9.8739473E+02
      -2.74          480.000   -1.850E-01    1.1447314E+03    3.0567330E-13    1.4122331E+03
      -2.64          480.000   -3.350E-01    1.1458495E+03    1.4650226E-13    1.8881653E+03
      -2.54          480.000   -5.622E-01    1.0031285E+03    8.5729713E-13    2.3180290E+03
      -2.44          480.000   -8.419E-01    8.8300480E+02   -2.3281885E-14    2.6184487E+03
      -2.34          480.000   -1.104E+00    6.5095539E+02    2.7369522E-13    2.7915542E+03
      -2.24          480.000   -1.359E+00    4.8555849E+02   -7.7597432E-13    2.7904118E+03
      -2.14          480.000   -1.572E+00    4.3011395E+02   -2.5970744E-14    2.6137430E+03
      -2.04          480.000   -1.725E+00    3.9062256E+02   -9.8233709E-13    2.2718615E+03
      -1.94          480.000   -1.838E+00    3.0648696E+02   -3.7643478E-13    1.7913974E+03
      -1.84          480.000   -1.927E+00    2.2001058E+02   -1.5047345E-13    1.2221010E+03
# T(K) =   490.00   Npoints =      31   V(cm^3) =  4.649E-22
      -4.84          490.000    5.894E+00    3.4593801E+03   -2.5606333E-12    2.0394033E+03
      -4.74          490.000    5.518E+00    4.1226353E+03   -1.1997050E-12    1.6684376E+03
      -4.64          490.000    5.180E+00    4.5334236E+03   -2.4269251E-12    1.3789845E+03
      -4.54          490.000    4.825E+00    4.1255097E+03   -4.7928992E-12    1.0918914E+03
      -4.44          490.000    4.459E+00    3.6473849E+03   -6.1432217E-13    9.0486333E+02
      -4.34          490.000    4.145E+00    2.8964900E+03   -3.8655510E-12    1.0324329E+03
      -4.24          490.000    3.893E+00    1.9815221E+03   -1.7927787E-12    1.2997328E+03
      -4.14          490.000    3.674E+00    1.2380086E+03   -8.9029799E-13    1.6430697E+03
      -4.04          490.000    3.429E+00    1.2074649E+03   -6.8976285E-13    1.9534371E+03
      -3.94          490.000    3.142E+00    1.3498667E+03   -6.6967471E-13    2.0616457E+03
      -3.84          490.000    2.780E+00    1.0919640E+03   -8.5401831E-14    1.9716543E+03
      -3.74          490.000    2.131E+00    1.4347139E+03   -3.5969320E-13    2.0445454E+03
      -3.64          490.000    1.059E+00    1.5268687E+03    6.2894133E-13    1.7097496E+03
      -3.54          490.000    4.681E-01    1.1711555E+03    1.4990226E-12    1.4745610E+03
      -3.44          490.000    2.483E-01    1.2684053E+03    1.1562582E-12    1.4097133E+03
      -3.34          490.000    1.324E-01    1.1900060E+03    1.0829317E-12    1.1620173E+03
      -3.24          490.000    5.939E-02    9.0241619E+02    1.3966293E-12    8.4416987E+02
      -3.14          490.000    1.762E-02    6.8170862E+02    6.5048961E-15    6.4183377E+02
      -3.04          490.000   -3.547E-03    6.6489759E+02    2.0052958E-14    6.1064552E+02
      -2.94          490.000   -3.132E-02    6.9202383E+02   -3.3440319E-13    7.0745567E+02
      -2.84          490.000   -8.862E-02    9.3878566E+02    2.5458600E-13    1.0120024E+03
      -2.74          490.000   -1.857E-01    1.1585353E+03    3.3109312E-13    1.4436773E+03
      -2.64          490.000   -3.359E-01    1.1564311E+03    1.4806178E-13    1.9276082E+03
      -2.54          490.000   -5.629E-01    1.0183181E+03    8.2921073E-13    2.3614822E+03
      -2.44          490.000   -8.417E-01    9.0526346E+02   -2.4411499E-14    2.6631348E+03
      -2.34          490.000   -1.104E+00    6.7241684E+02    2.6782137E-13    2.8379983E+03
      -2.24          490.000   -1.358E+00    4.9851973E+02   -7.5974223E-13    2.8402627E+03
      -2.14          490.000   -1.571E+00    4.3716460E+02   -2.6318365E-14    2.6626537E+03
      -2.04          490.000   -1.725E+00    3.9664523E+02   -9.9430971E-13    2.3129769E+03
      -1.94          490.000   -1.838E+00    3.1256099E+02   -3.9274737E-13    1.8216613E+03
      -1.84          490.000   -1.927E+00    2.2585994E+02   -1.5040327E-13    1.2488258E+03
# T(K) =   500.00   Npoints =      31   V(cm^3) =  4.649E-22
      -4.84          500.000    5.895E+00    3.5224424E+03   -2.5842367E-12    2.0605244E+03
      -4.74          500.000    5.519E+00    4.2083570E+03   -1.2350278E-12    1.7038395E+03
      -4.64          500.000    5.180E+00    4.6026275E+03   -2.4935992E-12    1.4126166E+03
      -4.54          500.000    4.824E+00    4.1671122E+03   -4.8155454E-12    1.1210915E+03
      -4.44          500.000    4.459E+00    3.6891463E+03   -6.6335587E-13    9.3165345E+02
      -4.34          500.000    4.145E+00    2.9647788E+03   -3.8767123E-12    1.0644433E+03
      -4.24          500.000    3.894E+00    2.0537714E+03   -1.8534976E-12    1.3371147E+03
      -4.14          500.000    3.674E+00    1.2935650E+03   -9.3265002E-13    1.6775949E+03
      -4.04          500.000    3.429E+00    1.2440424E+03   -7.3644172E-13    1.9797792E+03
      -3.94          500.000    3.141E+00    1.3659489E+03   -6.8557577E-13    2.0835531E+03
      -3.84          500.000    2.777E+00    1.1029185E+03   -7.3497763E-14    2.0056980E+03
      -3.74          500.000    2.125E+00    1.4666880E+03   -3.4211789E-13    2.0927502E+03
      -3.64          500.000    1.065E+00    1.5689168E+03    6.5902717E-13    1.7531554E+03
      -3.54          500.000    4.723E-01    1.1946337E+03    1.5040995E-12    1.4989176E+03
      -3.44          500.000    2.497E-01    1.2798783E+03    1.1193606E-12    1.4299213E+03
      -3.34          500.000    1.330E-01    1.2055463E+03    1.0858997E-12    1.1828885E+03
      -3.24          500.000    5.977E-02    9.2220613E+02    1.4369447E-12    8.6533241E+02
      -3.14          500.000    1.787E-02    7.0738715E+02    3.9895699E-14    6.6543588E+02
      -3.04          500.000   -3.628E-03    6.9135410E+02    2.7687240E-14    6.3561411E+02
      -2.94          500.000   -3.167E-02    7.1418431E+02   -3.4668815E-13    7.3146888E+02
      -2.84          500.000   -8.910E-02    9.5554583E+02    2.5781239E-13    1.0369836E+03
      -2.74          500.000   -1.863E-01    1.1718512E+03    3.5565915E-13    1.4752538E+03
      -2.64          500.000   -3.368E-01    1.1666124E+03    1.5007992E-13    1.9669347E+03
      -2.54          500.000   -5.635E-01    1.0333264E+03    8.0092311E-13    2.4046104E+03
      -2.44          500.000   -8.415E-01    9.2742115E+02   -2.5588893E-14    2.7073581E+03
      -2.34          500.000   -1.104E+00    6.9402496E+02    2.6132719E-13    2.8839391E+03
      -2.24          500.000   -1.358E+00    5.1169728E+02   -7.4243187E-13    2.8895619E+03
      -2.14          500.000   -1.570E+00    4.4427575E+02   -2.7070937E-14    2.7110723E+03
      -2.04          500.000   -1.724E+00    4.0259950E+02   -1.0048945E-12    2.3537210E+03
      -1.94          500.000   -1.838E+00    3.1861534E+02   -4.0901374E-13    1.8517550E+03
      -1.84          500.000   -1.927E+00    2.3172115E+02   -1.5092840E-13    1.2757430E+03
