# 0 [Seebeck coefficient in SI units, i.e. in V/K]
# Mu(eV) T(K) N(#carriers) S_xx S_xy S_yx S_yy
# T(K) =   300.00   Npoints =      31   V(cm^3) =  4.649E-22
      -4.84          300.000    5.870E+00   -6.4231864E-06   -7.3871258E-20   -5.2652461E-20    2.0815806E-05
      -4.74          300.000    5.513E+00   -9.0926503E-06    1.9077992E-19    1.0893552E-19    2.1630469E-05
      -4.64          300.000    5.186E+00   -2.1342576E-05   -4.6712870E-19   -9.1534247E-20    2.5684465E-05
      -4.54          300.000    4.826E+00   -2.7154204E-06    3.2952127E-19    5.1452386E-20    7.6215829E-06
      -4.44          300.000    4.447E+00    3.3211672E-05   -7.6217588E-20   -7.1753953E-20    5.9177011E-06
      -4.34          300.000    4.134E+00    6.4921596E-05    3.0837516E-19    5.5739245E-20    7.8930893E-06
      -4.24          300.000    3.886E+00    7.2032864E-05   -7.5109578E-20   -3.0096899E-19   -4.2262340E-05
      -4.14          300.000    3.680E+00   -1.6678371E-05    2.9502764E-20    5.9153976E-20   -3.2435071E-05
      -4.04          300.000    3.436E+00   -2.6197982E-05   -7.4387656E-20   -1.9453903E-19   -2.2399949E-05
      -3.94          300.000    3.155E+00   -4.1519809E-05    8.9066786E-20    1.7468391E-19    1.1255734E-07
      -3.84          300.000    2.820E+00    1.9841541E-06   -5.2789798E-20   -3.9466037E-20    2.1396408E-05
      -3.74          300.000    2.270E+00    9.6440380E-05    7.1143371E-20    4.7504219E-20    4.6494651E-05
      -3.64          300.000    9.206E-01   -9.0833748E-05   -4.6963959E-20   -1.0636356E-19   -3.3352791E-05
      -3.54          300.000    4.061E-01   -2.5019039E-05   -6.9917200E-20   -1.0514263E-19    2.2121480E-06
      -3.44          300.000    2.326E-01    8.9699554E-06   -8.3723105E-20   -9.4025915E-20    1.5777468E-05
      -3.34          300.000    1.251E-01    2.2494014E-05    1.9284292E-19    1.6762024E-19    2.4652273E-05
      -3.24          300.000    5.367E-02    3.8984958E-05    2.6745519E-20    2.3877981E-20    3.9313973E-05
      -3.14          300.000    1.339E-02    8.2672030E-05    1.0334880E-19    8.2732315E-20    6.8394993E-05
      -3.04          300.000   -2.127E-03   -9.0345246E-05   -3.3458131E-20    5.2897277E-20   -2.9531489E-05
      -2.94          300.000   -2.565E-02   -5.9636608E-05   -2.3455307E-19   -2.1731545E-19   -5.7917872E-05
      -2.84          300.000   -8.141E-02   -2.9916011E-05    2.5231943E-19    2.3691617E-19   -3.3811708E-05
      -2.74          300.000   -1.762E-01   -1.5698561E-05   -9.5518901E-20   -9.8799685E-20   -2.3989949E-05
      -2.64          300.000   -3.215E-01   -1.0156684E-06   -1.6753018E-20   -9.3355901E-21   -1.8629971E-05
      -2.54          300.000   -5.507E-01    3.4525051E-05   -2.9135082E-20   -5.1731176E-20   -1.8908214E-05
      -2.44          300.000   -8.473E-01    5.3598549E-05    4.5839921E-20    3.5640188E-19   -8.4178452E-06
      -2.34          300.000   -1.104E+00    9.2842998E-06    9.4487342E-23   -1.4003855E-20   -7.7044230E-07
      -2.24          300.000   -1.367E+00   -1.9891340E-05    4.1028293E-20    2.5952744E-19    5.5562090E-06
      -2.14          300.000   -1.582E+00    5.7363904E-06   -2.4188984E-20   -1.1112237E-19    9.0256599E-06
      -2.04          300.000   -1.732E+00    1.8090792E-05   -3.1022728E-20   -1.6431445E-19    8.1713807E-06
      -1.94          300.000   -1.843E+00    3.0723214E-05    4.4824471E-20    2.6749120E-19    1.8539118E-05
      -1.84          300.000   -1.928E+00    5.3275134E-05    1.1760957E-20    5.1700517E-20    4.1841141E-05
# T(K) =   310.00   Npoints =      31   V(cm^3) =  4.649E-22
      -4.84          310.000    5.871E+00   -6.4926960E-06   -7.0469392E-20   -5.0053655E-20    2.1452501E-05
      -4.74          310.000    5.513E+00   -9.6404603E-06    1.8986243E-19    1.0906395E-19    2.2307792E-05
      -4.64          310.000    5.185E+00   -2.1621765E-05   -4.5076339E-19   -8.7070168E-20    2.6527238E-05
      -4.54          310.000    4.826E+00   -2.6716590E-06    3.5055613E-19    5.5238262E-20    8.0524710E-06
      -4.44          310.000    4.448E+00    3.3851769E-05   -4.9843802E-20   -6.5742995E-20    6.3021560E-06
      -4.34          310.000    4.134E+00    6.6622345E-05    2.7682823E-19    4.3651804E-20    7.5573139E-06
      -4.24          310.000    3.887E+00    7.4095189E-05   -7.1143959E-20   -2.9728589E-19   -4.2844975E-05
      -4.14          310.000    3.680E+00   -1.6423047E-05    2.5175012E-20    4.7877305E-20   -3.3519756E-05
      -4.04          310.000    3.436E+00   -2.7335459E-05   -7.1749240E-20   -1.8716112E-19   -2.2838198E-05
      -3.94          310.000    3.155E+00   -4.2151791E-05    8.7728635E-20    1.7140182E-19    8.7063313E-08
      -3.84          310.000    2.819E+00    2.2714210E-06   -5.0006147E-20   -3.6786550E-20    2.2042448E-05
      -3.74          310.000    2.260E+00    9.6049946E-05    6.5503382E-20    4.2174724E-20    4.5936037E-05
      -3.64          310.000    9.289E-01   -8.7869238E-05   -4.8687714E-20   -1.0931148E-19   -3.2997645E-05
      -3.54          310.000    4.083E-01   -2.5865020E-05   -7.1662102E-20   -1.0809720E-19    2.0522309E-06
      -3.44          310.000    2.331E-01    8.9404464E-06   -8.3075604E-20   -9.4305683E-20    1.6148434E-05
      -3.34          310.000    1.254E-01    2.3184936E-05    1.9424665E-19    1.6871224E-19    2.5509856E-05
      -3.24          310.000    5.390E-02    4.0238961E-05    3.8966064E-20    3.4581713E-20    4.0547485E-05
      -3.14          310.000    1.359E-02    8.4416026E-05    9.6698936E-20    7.6334258E-20    6.9333467E-05
      -3.04          310.000   -2.196E-03   -8.5515116E-05   -3.9385316E-20    3.3984858E-20   -2.9858936E-05
      -2.94          310.000   -2.589E-02   -6.1109394E-05   -2.2179238E-19   -2.0587380E-19   -5.9287586E-05
      -2.84          310.000   -8.170E-02   -3.0830593E-05    2.4209638E-19    2.2744784E-19   -3.4939513E-05
      -2.74          310.000   -1.766E-01   -1.6206952E-05   -9.7211225E-20   -1.0067502E-19   -2.4717460E-05
      -2.64          310.000   -3.221E-01   -8.8471132E-07   -1.6000094E-20   -7.9754354E-21   -1.9446897E-05
      -2.54          310.000   -5.514E-01    3.5205734E-05   -2.9866142E-20   -5.0333398E-20   -1.9226865E-05
      -2.44          310.000   -8.470E-01    5.5002157E-05    4.3022107E-20    3.4117611E-19   -8.8101986E-06
      -2.34          310.000   -1.104E+00    9.8302228E-06    5.0552431E-22   -1.0893297E-20   -8.1483455E-07
      -2.24          310.000   -1.366E+00   -1.9839133E-05    4.0254145E-20    2.5645670E-19    5.8515050E-06
      -2.14          310.000   -1.582E+00    5.7540364E-06   -2.3086907E-20   -1.0613751E-19    8.9926257E-06
      -2.04          310.000   -1.731E+00    1.8640121E-05   -3.0716664E-20   -1.6349427E-19    8.9333287E-06
      -1.94          310.000   -1.842E+00    3.1713208E-05    4.4247089E-20    2.6259991E-19    1.8875330E-05
      -1.84          310.000   -1.928E+00    5.4454196E-05    1.0545824E-20    4.4051090E-20    4.3557424E-05
# T(K) =   320.00   Npoints =      31   V(cm^3) =  4.649E-22
      -4.84          320.000    5.872E+00   -6.5987283E-06   -6.7116973E-20   -4.7462705E-20    2.2059770E-05
      -4.74          320.000    5.513E+00   -1.0178728E-05    1.8826471E-19    1.0886265E-19    2.2992680E-05
      -4.64          320.000    5.185E+00   -2.1881554E-05   -4.3468784E-19   -8.2714189E-20    2.7338027E-05
      -4.54          320.000    4.826E+00   -2.6151081E-06    3.6837843E-19    5.8575734E-20    8.4982585E-06
      -4.44          320.000    4.448E+00    3.4476220E-05   -2.5308698E-20   -6.0126709E-20    6.6712487E-06
      -4.34          320.000    4.135E+00    6.8269117E-05    2.4767590E-19    3.2154443E-20    7.1786032E-06
      -4.24          320.000    3.887E+00    7.6069474E-05   -6.7086885E-20   -2.9327262E-19   -4.3415943E-05
      -4.14          320.000    3.679E+00   -1.6089653E-05    2.0923959E-20    3.6766350E-20   -3.4584735E-05
      -4.04          320.000    3.436E+00   -2.8463206E-05   -6.9094843E-20   -1.7977674E-19   -2.3265360E-05
      -3.94          320.000    3.154E+00   -4.2721410E-05    8.6324548E-20    1.6807857E-19    6.3880459E-08
      -3.84          320.000    2.818E+00    2.5665384E-06   -4.7213516E-20   -3.4074009E-20    2.2671049E-05
      -3.74          320.000    2.251E+00    9.5523013E-05    6.0023737E-20    3.6923859E-20    4.5365966E-05
      -3.64          320.000    9.371E-01   -8.4895016E-05   -5.0459967E-20   -1.1221934E-19   -3.2580648E-05
      -3.54          320.000    4.107E-01   -2.6679812E-05   -7.3305005E-20   -1.1094724E-19    1.8951481E-06
      -3.44          320.000    2.336E-01    8.9137063E-06   -8.2342802E-20   -9.4503515E-20    1.6522573E-05
      -3.34          320.000    1.257E-01    2.3863864E-05    1.9523884E-19    1.6945522E-19    2.6347079E-05
      -3.24          320.000    5.414E-02    4.1479098E-05    5.0507010E-20    4.4697956E-20    4.1768012E-05
      -3.14          320.000    1.379E-02    8.5993711E-05    9.0753102E-20    7.0634296E-20    7.0219335E-05
      -3.04          320.000   -2.266E-03   -8.1087991E-05   -4.5273592E-20    1.6696174E-20   -3.0102894E-05
      -2.94          320.000   -2.614E-02   -6.2562915E-05   -2.0913575E-19   -1.9453230E-19   -6.0622066E-05
      -2.84          320.000   -8.200E-02   -3.1748498E-05    2.3213737E-19    2.1821883E-19   -3.6058000E-05
      -2.74          320.000   -1.770E-01   -1.6695257E-05   -9.8305119E-20   -1.0194880E-19   -2.5460355E-05
      -2.64          320.000   -3.227E-01   -7.3950955E-07   -1.5450285E-20   -6.8853902E-21   -2.0236531E-05
      -2.54          320.000   -5.520E-01    3.5859758E-05   -3.0460472E-20   -4.8800883E-20   -1.9565002E-05
      -2.44          320.000   -8.466E-01    5.6336298E-05    4.0380369E-20    3.2669007E-19   -9.1843584E-06
      -2.34          320.000   -1.104E+00    1.0415226E-05    1.0638551E-21   -6.6536297E-21   -8.5584241E-07
      -2.24          320.000   -1.366E+00   -1.9751666E-05    3.9501569E-20    2.5349807E-19    6.1113582E-06
      -2.14          320.000   -1.581E+00    5.7670992E-06   -2.2041601E-20   -1.0120994E-19    9.0128514E-06
      -2.04          320.000   -1.731E+00    1.9182186E-05   -3.0453721E-20   -1.6283267E-19    9.6227787E-06
      -1.94          320.000   -1.842E+00    3.2692020E-05    4.3642658E-20    2.5774911E-19    1.9284724E-05
      -1.84          320.000   -1.928E+00    5.5597977E-05    9.4903098E-21    3.7569653E-20    4.5196330E-05
# T(K) =   330.00   Npoints =      31   V(cm^3) =  4.649E-22
      -4.84          330.000    5.873E+00   -6.7381127E-06   -6.3819753E-20   -4.4883929E-20    2.2637331E-05
      -4.74          330.000    5.513E+00   -1.0708335E-05    1.8607126E-19    1.0837136E-19    2.3683252E-05
      -4.64          330.000    5.185E+00   -2.2122003E-05   -4.1888429E-19   -7.8459202E-20    2.8118728E-05
      -4.54          330.000    4.826E+00   -2.5456583E-06    3.8322325E-19    6.1494032E-20    8.9598482E-06
      -4.44          330.000    4.449E+00    3.5085328E-05   -2.4990435E-21   -5.4880227E-20    7.0258810E-06
      -4.34          330.000    4.135E+00    6.9859480E-05    2.2086376E-19    2.1248527E-20    6.7581259E-06
      -4.24          330.000    3.887E+00    7.7959937E-05   -6.3010423E-20   -2.8904606E-19   -4.3976006E-05
      -4.14          330.000    3.679E+00   -1.5679159E-05    1.6763069E-20    2.5860881E-20   -3.5628448E-05
      -4.04          330.000    3.435E+00   -2.9577404E-05   -6.6443533E-20   -1.7243244E-19   -2.3681643E-05
      -3.94          330.000    3.154E+00   -4.3230798E-05    8.4858742E-20    1.6471822E-19    4.2832449E-08
      -3.84          330.000    2.817E+00    2.8675903E-06   -4.4432983E-20   -3.1351643E-20    2.3279593E-05
      -3.74          330.000    2.243E+00    9.4871547E-05    5.4726997E-20    3.1786621E-20    4.4790742E-05
      -3.64          330.000    9.453E-01   -8.1928683E-05   -5.2268321E-20   -1.1506333E-19   -3.2105699E-05
      -3.54          330.000    4.132E-01   -2.7460627E-05   -7.4849179E-20   -1.1368842E-19    1.7411802E-06
      -3.44          330.000    2.341E-01    8.8861776E-06   -8.1519273E-20   -9.4613248E-20    1.6896875E-05
      -3.34          330.000    1.259E-01    2.4530553E-05    1.9584710E-19    1.6986773E-19    2.7167087E-05
      -3.24          330.000    5.439E-02    4.2705125E-05    6.1396570E-20    5.4250554E-20    4.2974876E-05
      -3.14          330.000    1.399E-02    8.7414125E-05    8.5484997E-20    6.5601244E-20    7.1050545E-05
      -3.04          330.000   -2.336E-03   -7.7022026E-05   -5.1053110E-20    9.4659745E-22   -3.0274860E-05
      -2.94          330.000   -2.640E-02   -6.3987739E-05   -1.9668243E-19   -1.8337017E-19   -6.1917982E-05
      -2.84          330.000   -8.231E-02   -3.2666911E-05    2.2245227E-19    2.0923758E-19   -3.7167885E-05
      -2.74          330.000   -1.774E-01   -1.7165721E-05   -9.8886678E-20   -1.0270734E-19   -2.6216107E-05
      -2.64          330.000   -3.233E-01   -5.8179898E-07   -1.5085531E-20   -6.0434781E-21   -2.1003264E-05
      -2.54          330.000   -5.527E-01    3.6487857E-05   -3.0929562E-20   -4.7151586E-20   -1.9918443E-05
      -2.44          330.000   -8.463E-01    5.7601654E-05    3.7912582E-20    3.1294789E-19   -9.5425077E-06
      -2.34          330.000   -1.104E+00    1.1038385E-05    1.7470177E-21   -1.4830249E-21   -8.9468271E-07
      -2.24          330.000   -1.366E+00   -1.9629254E-05    3.8770122E-20    2.5062517E-19    6.3412025E-06
      -2.14          330.000   -1.581E+00    5.7769780E-06   -2.1050324E-20   -9.6375597E-20    9.0774373E-06
      -2.04          330.000   -1.731E+00    1.9716482E-05   -3.0218007E-20   -1.6226348E-19    1.0253903E-05
      -1.94          330.000   -1.842E+00    3.3659527E-05    4.3010639E-20    2.5289677E-19    1.9754267E-05
      -1.84          330.000   -1.928E+00    5.6707580E-05    8.5807156E-21    3.2161073E-20    4.6767329E-05
# T(K) =   340.00   Npoints =      31   V(cm^3) =  4.649E-22
      -4.84          340.000    5.875E+00   -6.9083976E-06   -6.0581865E-20   -4.2321172E-20    2.3184918E-05
      -4.74          340.000    5.513E+00   -1.1229933E-05    1.8336177E-19    1.0762745E-19    2.4377734E-05
      -4.64          340.000    5.184E+00   -2.2343233E-05   -4.0333968E-19   -7.4299006E-20    2.8871235E-05
      -4.54          340.000    4.826E+00   -2.4633618E-06    3.9533097E-19    6.4023584E-20    9.4376558E-06
      -4.44          340.000    4.449E+00    3.5679342E-05    1.8691000E-20   -4.9980392E-20    7.3667323E-06
      -4.34          340.000    4.136E+00    7.1391804E-05    1.9632055E-19    1.0930625E-20    6.2976712E-06
      -4.24          340.000    3.888E+00    7.9770429E-05   -5.8976945E-20   -2.8470621E-19   -4.4525789E-05
      -4.14          340.000    3.679E+00   -1.5192990E-05    1.2703329E-20    1.5194858E-20   -3.6649535E-05
      -4.04          340.000    3.435E+00   -3.0674109E-05   -6.3812037E-20   -1.6516865E-19   -2.4087222E-05
      -3.94          340.000    3.153E+00   -4.3682226E-05    8.3337002E-20    1.6132751E-19    2.3795475E-08
      -3.84          340.000    2.815E+00    3.1726224E-06   -4.1682386E-20   -2.8639327E-20    2.3865927E-05
      -3.74          340.000    2.234E+00    9.4106953E-05    4.9627681E-20    2.6789516E-20    4.4215437E-05
      -3.64          340.000    9.533E-01   -7.8985198E-05   -5.4102263E-20   -1.1782613E-19   -3.1576940E-05
      -3.54          340.000    4.157E-01   -2.8204975E-05   -7.6299025E-20   -1.1631860E-19    1.5909571E-06
      -3.44          340.000    2.347E-01    8.8553239E-06   -8.0603969E-20   -9.4632462E-20    1.7269022E-05
      -3.34          340.000    1.262E-01    2.5184793E-05    1.9609992E-19    1.6997070E-19    2.7972273E-05
      -3.24          340.000    5.464E-02    4.3916429E-05    7.1660557E-20    6.3261836E-20    4.4167252E-05
      -3.14          340.000    1.420E-02    8.8686002E-05    8.0864519E-20    6.1203374E-20    7.1826031E-05
      -3.04          340.000   -2.408E-03   -7.3280082E-05   -5.6662916E-20   -1.3348104E-20   -3.0384688E-05
      -2.94          340.000   -2.666E-02   -6.5376265E-05   -1.8451523E-19   -1.7245395E-19   -6.3172965E-05
      -2.84          340.000   -8.263E-02   -3.3583427E-05    2.1304785E-19    2.0051028E-19   -3.8269626E-05
      -2.74          340.000   -1.778E-01   -1.7620067E-05   -9.9030903E-20   -1.0302538E-19   -2.6982554E-05
      -2.64          340.000   -3.240E-01   -4.1312967E-07   -1.4888029E-20   -5.4279544E-21   -2.1750705E-05
      -2.54          340.000   -5.533E-01    3.7090753E-05   -3.1284522E-20   -4.5403238E-20   -2.0283674E-05
      -2.44          340.000   -8.459E-01    5.8799257E-05    3.5614777E-20    2.9994410E-19   -9.8865200E-06
      -2.34          340.000   -1.105E+00    1.1698433E-05    2.5344210E-21    4.4390119E-21   -9.3234140E-07
      -2.24          340.000   -1.365E+00   -1.9472174E-05    3.8059849E-20    2.4781849E-19    6.5456280E-06
      -2.14          340.000   -1.580E+00    5.7850417E-06   -2.0110018E-20   -9.1660277E-20    9.1787867E-06
      -2.04          340.000   -1.730E+00    2.0242632E-05   -2.9996633E-20   -1.6173147E-19    1.0838330E-05
      -1.94          340.000   -1.842E+00    3.4615478E-05    4.2351114E-20    2.4801172E-19    2.0273233E-05
      -1.84          340.000   -1.927E+00    5.7784359E-05    7.8038107E-21    2.7728514E-20    4.8278074E-05
# T(K) =   350.00   Npoints =      31   V(cm^3) =  4.649E-22
      -4.84          350.000    5.876E+00   -7.1076759E-06   -5.7406396E-20   -3.9777996E-20    2.3702307E-05
      -4.74          350.000    5.514E+00   -1.1743986E-05    1.8021077E-19    1.0666571E-19    2.5074434E-05
      -4.64          350.000    5.184E+00   -2.2545421E-05   -3.8804521E-19   -7.0228305E-20    2.9597412E-05
      -4.54          350.000    4.826E+00   -2.3683946E-06    4.0494118E-19    6.6195147E-20    9.9316993E-06
      -4.44          350.000    4.450E+00    3.6258478E-05    3.8360281E-20   -4.5405646E-20    7.6943132E-06
      -4.34          350.000    4.136E+00    7.2865115E-05    1.7396124E-19    1.1931269E-21    5.7994612E-06
      -4.24          350.000    3.888E+00    8.1504438E-05   -5.5039168E-20   -2.8033699E-19   -4.5065803E-05
      -4.14          350.000    3.678E+00   -1.4632975E-05    8.7536034E-21    4.7971025E-21   -3.7646827E-05
      -4.04          350.000    3.435E+00   -3.1749334E-05   -6.1214945E-20   -1.5802035E-19   -2.4482246E-05
      -3.94          350.000    3.152E+00   -4.4078059E-05    8.1766090E-20    1.5791480E-19    6.6680564E-09
      -3.84          350.000    2.814E+00    3.4796942E-06   -3.8976736E-20   -2.5954037E-20    2.4428297E-05
      -3.74          350.000    2.226E+00    9.3240052E-05    4.4733915E-20    2.1951961E-20    4.3644094E-05
      -3.64          350.000    9.613E-01   -7.6077146E-05   -5.5952900E-20   -1.2049577E-19   -3.0998630E-05
      -3.54          350.000    4.185E-01   -2.8910680E-05   -7.7659569E-20   -1.1883718E-19    1.4453504E-06
      -3.44          350.000    2.353E-01    8.8194231E-06   -7.9599121E-20   -9.4561561E-20    1.7637255E-05
      -3.34          350.000    1.265E-01    2.5826397E-05    1.9602595E-19    1.6978637E-19    2.8764427E-05
      -3.24          350.000    5.491E-02    4.5112142E-05    8.1322948E-20    7.1752872E-20    4.5344229E-05
      -3.14          350.000    1.441E-02    8.9817766E-05    7.6858639E-20    5.7408219E-20    7.2545488E-05
      -3.04          350.000   -2.479E-03   -6.9829181E-05   -6.2050773E-20   -2.6271060E-20   -3.0440858E-05
      -2.94          350.000   -2.693E-02   -6.6722414E-05   -1.7270187E-19   -1.6183859E-19   -6.4385401E-05
      -2.84          350.000   -8.296E-02   -3.4495964E-05    2.0392827E-19    1.9204102E-19   -3.9363472E-05
      -2.74          350.000   -1.782E-01   -1.8059610E-05   -9.8803160E-20   -1.0296775E-19   -2.7757846E-05
      -2.64          350.000   -3.247E-01   -2.3490005E-07   -1.4840426E-20   -5.0175676E-21   -2.2481801E-05
      -2.54          350.000   -5.540E-01    3.7669142E-05   -3.1535996E-20   -4.3572986E-20   -2.0657758E-05
      -2.44          350.000   -8.456E-01    5.9930425E-05    3.3481575E-20    2.8766564E-19   -1.0217998E-05
      -2.34          350.000   -1.105E+00    1.2393805E-05    3.4073353E-21    1.0951379E-20   -9.6961261E-07
      -2.24          350.000   -1.365E+00   -1.9280677E-05    3.7371140E-20    2.4506400E-19    6.7285012E-06
      -2.14          350.000   -1.580E+00    5.7926246E-06   -1.9217439E-20   -8.7081611E-20    9.3104551E-06
      -2.04          350.000   -1.730E+00    2.0760361E-05   -2.9779298E-20   -1.6119126E-19    1.1385580E-05
      -1.94          350.000   -1.842E+00    3.5559549E-05    4.1664701E-20    2.4307199E-19    2.0832809E-05
      -1.84          350.000   -1.927E+00    5.8829826E-05    7.1469434E-21    2.4175816E-20    4.9734769E-05
# T(K) =   360.00   Npoints =      31   V(cm^3) =  4.649E-22
      -4.84          360.000    5.877E+00   -7.3344450E-06   -5.4295772E-20   -3.7257792E-20    2.4189325E-05
      -4.74          360.000    5.514E+00   -1.2250804E-05    1.7668742E-19    1.0551832E-19    2.5771731E-05
      -4.64          360.000    5.184E+00   -2.2728790E-05   -3.7299577E-19   -6.6242662E-20    3.0299064E-05
      -4.54          360.000    4.826E+00   -2.2610256E-06    4.1228803E-19    6.8039145E-20    1.0441676E-05
      -4.44          360.000    4.451E+00    3.6822932E-05    5.6601104E-20   -4.1135918E-20    8.0090081E-06
      -4.34          360.000    4.137E+00    7.4278968E-05    1.5368994E-19   -7.9751441E-21    5.2660040E-06
      -4.24          360.000    3.888E+00    8.3165120E-05   -5.1240508E-20   -2.7600736E-19   -4.5596451E-05
      -4.14          360.000    3.678E+00   -1.4001306E-05    4.9209088E-21   -5.3081773E-21   -3.8619332E-05
      -4.04          360.000    3.434E+00   -3.2799110E-05   -5.8664887E-20   -1.5101747E-19   -2.4866833E-05
      -3.94          360.000    3.152E+00   -4.4420710E-05    8.0153282E-20    1.5448926E-19   -8.6490494E-09
      -3.84          360.000    2.812E+00    3.7869154E-06   -3.6328576E-20   -2.3310230E-20    2.4965303E-05
      -3.74          360.000    2.218E+00    9.2281076E-05    4.0048828E-20    1.7287496E-20    4.3079895E-05
      -3.64          360.000    9.691E-01   -7.3214997E-05   -5.7812705E-20   -1.2306448E-19   -3.0375044E-05
      -3.54          360.000    4.213E-01   -2.9575878E-05   -7.8936115E-20   -1.2124464E-19    1.3053882E-06
      -3.44          360.000    2.359E-01    8.7773986E-06   -7.8509363E-20   -9.4403034E-20    1.8000266E-05
      -3.34          360.000    1.269E-01    2.6455183E-05    1.9565337E-19    1.6933750E-19    2.9544852E-05
      -3.24          360.000    5.518E-02    4.6291223E-05    9.0406315E-20    7.9743685E-20    4.6504857E-05
      -3.14          360.000    1.462E-02    9.0817518E-05    7.3432207E-20    5.4182576E-20    7.3209183E-05
      -3.04          360.000   -2.552E-03   -6.6640022E-05   -6.7172824E-20   -3.7903716E-20   -3.0450692E-05
      -2.94          360.000   -2.721E-02   -6.8021376E-05   -1.6129648E-19   -1.5156851E-19   -6.5554277E-05
      -2.84          360.000   -8.329E-02   -3.5402701E-05    1.9509543E-19    1.8383203E-19   -4.0449510E-05
      -2.74          360.000   -1.786E-01   -1.8485357E-05   -9.8260433E-20   -1.0259079E-19   -2.8540400E-05
      -2.64          360.000   -3.254E-01   -4.8382981E-08   -1.4925972E-20   -4.7917530E-21   -2.3198949E-05
      -2.54          360.000   -5.546E-01    3.8223695E-05   -3.1694100E-20   -4.1677129E-20   -2.1038248E-05
      -2.44          360.000   -8.452E-01    6.0996713E-05    3.1506565E-20    2.7609361E-19   -1.0538310E-05
      -2.34          360.000   -1.105E+00    1.3122686E-05    4.3488460E-21    1.7910731E-20   -1.0071312E-06
      -2.24          360.000   -1.364E+00   -1.9055008E-05    3.6704614E-20    2.4235207E-19    6.8930705E-06
      -2.14          360.000   -1.579E+00    5.8010231E-06   -1.8369270E-20   -8.2650706E-20    9.4670046E-06
      -2.04          360.000   -1.730E+00    2.1269480E-05   -2.9557908E-20   -1.6060631E-19    1.1903428E-05
      -1.94          360.000   -1.841E+00    3.6491369E-05    4.0952474E-20    2.3806332E-19    2.1425760E-05
      -1.84          360.000   -1.927E+00    5.9845584E-05    6.5981157E-21    2.1409302E-20    5.1142466E-05
# T(K) =   370.00   Npoints =      31   V(cm^3) =  4.649E-22
      -4.84          370.000    5.878E+00   -7.5874964E-06   -5.1252005E-20   -3.4763845E-20    2.4645870E-05
      -4.74          370.000    5.514E+00   -1.2750575E-05    1.7285545E-19    1.0421486E-19    2.6468063E-05
      -4.64          370.000    5.183E+00   -2.2893611E-05   -3.5818936E-19   -6.2338452E-20    3.0977922E-05
      -4.54          370.000    4.826E+00   -2.1415936E-06    4.1759698E-19    6.9585174E-20    1.0967027E-05
      -4.44          370.000    4.451E+00    3.7372893E-05    7.3499674E-20   -3.7152515E-20    8.3111072E-06
      -4.34          370.000    4.137E+00    7.5633346E-05    1.3540264E-19   -1.6588336E-20    4.6999806E-06
      -4.24          370.000    3.889E+00    8.4755319E-05   -4.7615668E-20   -2.7177272E-19   -4.6118048E-05
      -4.14          370.000    3.678E+00   -1.3300485E-05    1.2106549E-21   -1.5100961E-20   -3.9566225E-05
      -4.04          370.000    3.434E+00   -3.3819546E-05   -5.6172701E-20   -1.4418537E-19   -2.5241081E-05
      -3.94          370.000    3.151E+00   -4.4712609E-05    7.8506024E-20    1.5106029E-19   -2.2265508E-08
      -3.84          370.000    2.810E+00    4.0924732E-06   -3.3748304E-20   -2.0720168E-20    2.5475848E-05
      -3.74          370.000    2.210E+00    9.1239658E-05    3.5571718E-20    1.2804829E-20    4.2525304E-05
      -3.64          370.000    9.768E-01   -7.0407343E-05   -5.9675286E-20   -1.2552779E-19   -2.9710401E-05
      -3.54          370.000    4.243E-01   -3.0199011E-05   -8.0134005E-20   -1.2354219E-19    1.1721883E-06
      -3.44          370.000    2.366E-01    8.7286834E-06   -7.7341025E-20   -9.4160875E-20    1.8357112E-05
      -3.34          370.000    1.272E-01    2.7070973E-05    1.9500951E-19    1.6864676E-19    3.0314469E-05
      -3.24          370.000    5.545E-02    4.7452525E-05    9.8932149E-20    8.7253411E-20    4.7648186E-05
      -3.14          370.000    1.483E-02    9.1693035E-05    7.0548688E-20    5.1492629E-20    7.3817821E-05
      -3.04          370.000   -2.625E-03   -6.3686566E-05   -7.1993140E-20   -4.8325363E-20   -3.0420537E-05
      -2.94          370.000   -2.749E-02   -6.9269393E-05   -1.5034098E-19   -1.4167873E-19   -6.6679044E-05
      -2.84          370.000   -8.364E-02   -3.6302016E-05    1.8654931E-19    1.7588382E-19   -4.1527698E-05
      -2.74          370.000   -1.791E-01   -1.8898071E-05   -9.7452424E-20   -1.0194352E-19   -2.9328861E-05
      -2.64          370.000   -3.261E-01    1.4525446E-07   -1.5128632E-20   -4.7307759E-21   -2.3904079E-05
      -2.54          370.000   -5.552E-01    3.8755055E-05   -3.1768371E-20   -3.9730939E-20   -2.1423120E-05
      -2.44          370.000   -8.449E-01    6.1999856E-05    2.9682613E-20    2.6520467E-19   -1.0848620E-05
      -2.34          370.000   -1.105E+00    1.3883053E-05    5.3437832E-21    2.5190579E-20   -1.0453997E-06
      -2.24          370.000   -1.364E+00   -1.8795414E-05    3.6061017E-20    2.3967657E-19    7.0420599E-06
      -2.14          370.000   -1.579E+00    5.8114916E-06   -1.7562191E-20   -7.8373524E-20    9.6438677E-06
      -2.04          370.000   -1.729E+00    2.1769873E-05   -2.9326247E-20   -1.5994780E-19    1.2398209E-05
      -1.94          370.000   -1.841E+00    3.7410552E-05    4.0215879E-20    2.3297787E-19    2.2046142E-05
      -1.84          370.000   -1.927E+00    6.0833269E-05    6.1460269E-21    1.9339112E-20    5.2505305E-05
# T(K) =   380.00   Npoints =      31   V(cm^3) =  4.649E-22
      -4.84          380.000    5.880E+00   -7.8658284E-06   -4.8276840E-20   -3.2299346E-20    2.5071913E-05
      -4.74          380.000    5.514E+00   -1.3243389E-05    1.6877323E-19    1.0278231E-19    2.7161921E-05
      -4.64          380.000    5.183E+00   -2.3040194E-05   -3.4362656E-19   -5.8512773E-20    3.1635624E-05
      -4.54          380.000    4.826E+00   -2.0104875E-06    4.2108246E-19    7.0861642E-20    1.1506991E-05
      -4.44          380.000    4.452E+00    3.7908549E-05    8.9136553E-20   -3.3438010E-20    8.6008331E-06
      -4.34          380.000    4.138E+00    7.6928577E-05    1.1898968E-19   -2.4663006E-20    4.1041579E-06
      -4.24          380.000    3.889E+00    8.6277600E-05   -4.4191353E-20   -2.6767635E-19   -4.6630825E-05
      -4.14          380.000    3.677E+00   -1.2533281E-05   -2.3731588E-21   -2.4565056E-20   -4.0486836E-05
      -4.04          380.000    3.434E+00   -3.4806876E-05   -5.3747587E-20   -1.3754530E-19   -2.5605071E-05
      -3.94          380.000    3.151E+00   -4.4956174E-05    7.6831664E-20    1.4763706E-19   -3.4308667E-08
      -3.84          380.000    2.808E+00    4.3946511E-06   -3.1244447E-20   -1.8194201E-20    2.5959105E-05
      -3.74          380.000    2.202E+00    9.0124842E-05    3.1299013E-20    8.5087247E-21    4.1982194E-05
      -3.64          380.000    9.844E-01   -6.7661121E-05   -6.1535183E-20   -1.2788375E-19   -2.9008801E-05
      -3.54          380.000    4.273E-01   -3.0778816E-05   -8.1258467E-20   -1.2573153E-19    1.0469060E-06
      -3.44          380.000    2.373E-01    8.6731095E-06   -7.6101578E-20   -9.3840126E-20    1.8707146E-05
      -3.34          380.000    1.276E-01    2.7673592E-05    1.9412051E-19    1.6773628E-19    3.1073896E-05
      -3.24          380.000    5.574E-02    4.8594842E-05    1.0692110E-19    9.4300440E-20    4.8773280E-05
      -3.14          380.000    1.505E-02    9.2451759E-05    6.8170811E-20    4.9304151E-20    7.4372426E-05
      -3.04          380.000   -2.699E-03   -6.0945652E-05   -7.6483168E-20   -5.7612766E-20   -3.0355915E-05
      -2.94          380.000   -2.778E-02   -7.0463583E-05   -1.3986656E-19   -1.3219586E-19   -6.7759520E-05
      -2.84          380.000   -8.400E-02   -3.7192455E-05    1.7828832E-19    1.6819543E-19   -4.2597897E-05
      -2.74          380.000   -1.796E-01   -1.9298338E-05   -9.6422491E-20   -1.0106861E-19   -3.0122060E-05
      -2.64          380.000   -3.268E-01    3.4493596E-07   -1.5433178E-20   -4.8158342E-21   -2.4598744E-05
      -2.54          380.000   -5.559E-01    3.9263834E-05   -3.1767738E-20   -3.7748543E-20   -2.1810702E-05
      -2.44          380.000   -8.446E-01    6.2941738E-05    2.8002127E-20    2.5497236E-19   -1.1149921E-05
      -2.34          380.000   -1.105E+00    1.4672721E-05    6.3786333E-21    3.2680208E-20   -1.0848112E-06
      -2.24          380.000   -1.363E+00   -1.8502160E-05    3.5441153E-20    2.3703397E-19    7.1777490E-06
      -2.14          380.000   -1.578E+00    5.8252395E-06   -1.6792943E-20   -7.4252029E-20    9.8372239E-06
      -2.04          380.000   -1.729E+00    2.2261491E-05   -2.9079677E-20   -1.5919364E-19    1.2875070E-05
      -1.94          380.000   -1.841E+00    3.8316714E-05    3.9456662E-20    2.2781299E-19    2.2689068E-05
      -1.84          380.000   -1.927E+00    6.1794518E-05    5.7800952E-21    1.7880133E-20    5.3826707E-05
# T(K) =   390.00   Npoints =      31   V(cm^3) =  4.649E-22
      -4.84          390.000    5.881E+00   -8.1685792E-06   -4.5371837E-20   -2.9867396E-20    2.5467511E-05
      -4.74          390.000    5.515E+00   -1.3729267E-05    1.6449390E-19    1.0124520E-19    2.7851850E-05
      -4.64          390.000    5.183E+00   -2.3168886E-05   -3.2931000E-19   -5.4763374E-20    3.2273707E-05
      -4.54          390.000    4.826E+00   -1.8681320E-06    4.2294636E-19    7.1895518E-20    1.2060652E-05
      -4.44          390.000    4.452E+00    3.8430092E-05    1.0358709E-19   -2.9976145E-20    8.8783601E-06
      -4.34          390.000    4.138E+00    7.8165267E-05    1.0433792E-19   -3.2217612E-20    3.4813237E-06
      -4.24          390.000    3.890E+00    8.7734279E-05   -4.0987067E-20   -2.6375087E-19   -4.7134944E-05
      -4.14          390.000    3.677E+00   -1.1702689E-05   -5.8277686E-21   -3.3687770E-20   -4.1380635E-05
      -4.04          390.000    3.433E+00   -3.5757501E-05   -5.1397250E-20   -1.3111474E-19   -2.5958873E-05
      -3.94          390.000    3.150E+00   -4.5153790E-05    7.5137262E-20    1.4422826E-19   -4.4926952E-08
      -3.84          390.000    2.806E+00    4.6918423E-06   -2.8823909E-20   -1.5741002E-20    2.6414482E-05
      -3.74          390.000    2.195E+00    8.8945085E-05    2.7225055E-20    4.4007684E-21    4.1451948E-05
      -3.64          390.000    9.918E-01   -6.4981822E-05   -6.3387695E-20   -1.3013231E-19   -2.8274190E-05
      -3.54          390.000    4.305E-01   -3.1314311E-05   -8.2314521E-20   -1.2781471E-19    9.3069415E-07
      -3.44          390.000    2.381E-01    8.6108184E-06   -7.4799196E-20   -9.3446516E-20    1.9049961E-05
      -3.34          390.000    1.279E-01    2.8262868E-05    1.9301116E-19    1.6662736E-19    3.1823518E-05
      -3.24          390.000    5.603E-02    4.9716951E-05    1.1439313E-19    1.0090251E-19    4.9879243E-05
      -3.14          390.000    1.527E-02    9.3100802E-05    6.6261135E-20    4.7582758E-20    7.4874260E-05
      -3.04          390.000   -2.773E-03   -5.8396675E-05   -8.0621133E-20   -6.5839894E-20   -3.0261644E-05
      -2.94          390.000   -2.807E-02   -7.1601797E-05   -1.2989493E-19   -1.2313910E-19   -6.8795809E-05
      -2.84          390.000   -8.437E-02   -3.8072692E-05    1.7030950E-19    1.6076464E-19   -4.3659891E-05
      -2.74          390.000   -1.800E-01   -1.9686604E-05   -9.5208458E-20   -1.0000329E-19   -3.0918985E-05
      -2.64          390.000   -3.276E-01    5.4966469E-07   -1.5825248E-20   -5.0291284E-21   -2.5284175E-05
      -2.54          390.000   -5.565E-01    3.9750620E-05   -3.1700510E-20   -3.5742864E-20   -2.2199623E-05
      -2.44          390.000   -8.443E-01    6.3824346E-05    2.6457260E-20    2.4536804E-19   -1.1443057E-05
      -2.34          390.000   -1.105E+00    1.5489383E-05    7.4414377E-21    4.0283514E-20   -1.1256680E-06
      -2.24          390.000   -1.363E+00   -1.8175534E-05    3.4845820E-20    2.3442279E-19    7.3020436E-06
      -2.14          390.000   -1.577E+00    5.8434286E-06   -1.6058370E-20   -7.0285126E-20    1.0043889E-05
      -2.04          390.000   -1.729E+00    2.2744340E-05   -2.8814881E-20   -1.5832751E-19    1.3338183E-05
      -1.94          390.000   -1.841E+00    3.9209486E-05    3.8676801E-20    2.2257020E-19    2.3350509E-05
      -1.84          390.000   -1.927E+00    6.2730930E-05    5.4904625E-21    1.6952620E-20    5.5109531E-05
# T(K) =   400.00   Npoints =      31   V(cm^3) =  4.649E-22
      -4.84          400.000    5.882E+00   -8.4949755E-06   -4.2538405E-20   -2.7470984E-20    2.5832802E-05
      -4.74          400.000    5.515E+00   -1.4208177E-05    1.6006554E-19    9.9625652E-20    2.8536443E-05
      -4.64          400.000    5.182E+00   -2.3280065E-05   -3.1524386E-19   -5.1088561E-20    3.2893596E-05
      -4.54          400.000    4.826E+00   -1.7149758E-06    4.2337717E-19    7.2712176E-20    1.2626972E-05
      -4.44          400.000    4.453E+00    3.8937720E-05    1.1692182E-19   -2.6751738E-20    9.1438301E-06
      -4.34          400.000    4.139E+00    7.9344247E-05    9.1332654E-20   -3.9272040E-20    2.8342385E-06
      -4.24          400.000    3.890E+00    8.9127456E-05   -3.8015939E-20   -2.6001965E-19   -4.7630500E-05
      -4.14          400.000    3.677E+00   -1.0811889E-05   -9.1514931E-21   -4.2459630E-20   -4.2247221E-05
      -4.04          400.000    3.433E+00   -3.6668015E-05   -4.9128036E-20   -1.2490779E-19   -2.6302545E-05
      -3.94          400.000    3.149E+00   -4.5307791E-05    7.3429464E-20    1.4084187E-19   -5.4290572E-08
      -3.84          400.000    2.804E+00    4.9825576E-06   -2.6492177E-20   -1.3367781E-20    2.6841593E-05
      -3.74          400.000    2.188E+00    8.7708278E-05    2.3342725E-20    4.8000598E-22    4.0935547E-05
      -3.64          400.000    9.992E-01   -6.2373672E-05   -6.5228728E-20   -1.3227478E-19   -2.7510332E-05
      -3.54          400.000    4.338E-01   -3.1804775E-05   -8.3306918E-20   -1.2979398E-19    8.2467330E-07
      -3.44          400.000    2.389E-01    8.5421889E-06   -7.3442418E-20   -9.2986192E-20    1.9385341E-05
      -3.34          400.000    1.283E-01    2.8838641E-05    1.9170476E-19    1.6534026E-19    3.2563537E-05
      -3.24          400.000    5.633E-02    5.0817640E-05    1.2136769E-19    1.0707681E-19    5.0965219E-05
      -3.14          400.000    1.550E-02    9.3646943E-05    6.4782532E-20    4.6294173E-20    7.5324754E-05
      -3.04          400.000   -2.848E-03   -5.6021289E-05   -8.4391401E-20   -7.3077717E-20   -3.0141942E-05
      -2.94          400.000   -2.837E-02   -7.2682490E-05   -1.2043963E-19   -1.1452115E-19   -6.9788234E-05
      -2.84          400.000   -8.475E-02   -3.8941512E-05    1.6260882E-19    1.5358813E-19   -4.4713408E-05
      -2.74          400.000   -1.805E-01   -2.0063216E-05   -9.3843319E-20   -9.8779973E-20   -3.1718751E-05
      -2.64          400.000   -3.283E-01    7.5851461E-07   -1.6291388E-20   -5.3539070E-21   -2.5961346E-05
      -2.54          400.000   -5.572E-01    4.0215972E-05   -3.1574366E-20   -3.3725598E-20   -2.2588762E-05
      -2.44          400.000   -8.440E-01    6.4649742E-05    2.5040081E-20    2.3636175E-19   -1.1728748E-05
      -2.34          400.000   -1.105E+00    1.6330645E-05    8.5216858E-21    4.7917792E-20   -1.1681976E-06
      -2.24          400.000   -1.363E+00   -1.7815857E-05    3.4275766E-20    2.3184301E-19    7.4165352E-06
      -2.14          400.000   -1.577E+00    5.8671709E-06   -1.5355449E-20   -6.6469431E-20    1.0261219E-05
      -2.04          400.000   -1.728E+00    2.3218482E-05   -2.8529633E-20   -1.5733802E-19    1.3790917E-05
      -1.94          400.000   -1.840E+00    4.0088521E-05    3.7878441E-20    2.1725435E-19    2.4027138E-05
      -1.84          400.000   -1.927E+00    6.3644050E-05    5.2679880E-21    1.6482561E-20    5.6356190E-05
# T(K) =   410.00   Npoints =      31   V(cm^3) =  4.649E-22
      -4.84          410.000    5.883E+00   -8.8442939E-06   -3.9777810E-20   -2.5112960E-20    2.6168011E-05
      -4.74          410.000    5.515E+00   -1.4680049E-05    1.5553140E-19    9.7943566E-20    2.9214348E-05
      -4.64          410.000    5.182E+00   -2.3374138E-05   -3.0143343E-19   -4.7487115E-20    3.3496599E-05
      -4.54          410.000    4.825E+00   -1.5514829E-06    4.2254956E-19    7.3335298E-20    1.3204829E-05
      -4.44          410.000    4.454E+00    3.9431639E-05    1.2920686E-19   -2.3750595E-20    9.3973642E-06
      -4.34          410.000    4.139E+00    8.0466521E-05    7.9859218E-20   -4.5847196E-20    2.1656003E-06
      -4.24          410.000    3.890E+00    9.0459046E-05   -3.5285545E-20   -2.5649819E-19   -4.8117535E-05
      -4.14          410.000    3.676E+00   -9.8642070E-06   -1.2343596E-20   -5.0874096E-20   -4.3086310E-05
      -4.04          410.000    3.433E+00   -3.7535239E-05   -4.6945062E-20   -1.1893555E-19   -2.6636143E-05
      -3.94          410.000    3.149E+00   -4.5420444E-05    7.1714407E-20    1.3748507E-19   -6.2590389E-08
      -3.84          410.000    2.802E+00    5.2654307E-06   -2.4253507E-20   -1.1080461E-20    2.7240236E-05
      -3.74          410.000    2.181E+00    8.6421758E-05    1.9643945E-20   -3.2565122E-21    4.0433644E-05
      -3.64          410.000    1.006E+00   -5.9839804E-05   -6.7054677E-20   -1.3431341E-19   -2.6720789E-05
      -3.54          410.000    4.372E-01   -3.2249735E-05   -8.4240112E-20   -1.3167175E-19    7.2990929E-07
      -3.44          410.000    2.397E-01    8.4677782E-06   -7.2039889E-20   -9.2465502E-20    1.9713228E-05
      -3.34          410.000    1.287E-01    2.9400760E-05    1.9022306E-19    1.6389407E-19    3.3294022E-05
      -3.24          410.000    5.664E-02    5.1895729E-05    1.2786376E-19    1.1284000E-19    5.2030407E-05
      -3.14          410.000    1.572E-02    9.4096631E-05    6.3698587E-20    4.5404487E-20    7.5725457E-05
      -3.04          410.000   -2.923E-03   -5.3803145E-05   -8.7783840E-20   -7.9394081E-20   -3.0000510E-05
      -2.94          410.000   -2.868E-02   -7.3704626E-05   -1.1150712E-19   -1.0634905E-19   -7.0737293E-05
      -2.84          410.000   -8.514E-02   -3.9797789E-05    1.5518132E-19    1.4666171E-19   -4.5758138E-05
      -2.74          410.000   -1.811E-01   -2.0428442E-05   -9.2355837E-20   -9.7426950E-20   -3.2520579E-05
      -2.64          410.000   -3.291E-01    9.7062395E-07   -1.6819071E-20   -5.7744899E-21   -2.6631020E-05
      -2.54          410.000   -5.578E-01    4.0660425E-05   -3.1396370E-20   -3.1707221E-20   -2.2977206E-05
      -2.44          410.000   -8.437E-01    6.5420037E-05    2.3742707E-20    2.2792286E-19   -1.2007608E-05
      -2.34          410.000   -1.105E+00    1.7194064E-05    9.6102036E-21    5.5512520E-20   -1.2125652E-06
      -2.24          410.000   -1.362E+00   -1.7423489E-05    3.3731654E-20    2.2929561E-19    7.5225526E-06
      -2.14          410.000   -1.576E+00    5.8975268E-06   -1.4681307E-20   -6.2799882E-20    1.0487023E-05
      -2.04          410.000   -1.728E+00    2.3684024E-05   -2.8222603E-20   -1.5621787E-19    1.4235984E-05
      -1.94          410.000   -1.840E+00    4.0953508E-05    3.7063844E-20    2.1187282E-19    2.4716188E-05
      -1.84          410.000   -1.927E+00    6.4535351E-05    5.1042319E-21    1.6401835E-20    5.7568753E-05
# T(K) =   420.00   Npoints =      31   V(cm^3) =  4.649E-22
      -4.84          420.000    5.885E+00   -9.2158331E-06   -3.7091167E-20   -2.2796009E-20    2.6473446E-05
      -4.74          420.000    5.516E+00   -1.5144791E-05    1.5093018E-19    9.6216712E-20    2.9884266E-05
      -4.64          420.000    5.182E+00   -2.3451539E-05   -2.8788472E-19   -4.3958207E-20    3.4083905E-05
      -4.54          420.000    4.825E+00   -1.3781253E-06    4.2062437E-19    7.3786841E-20    1.3793040E-05
      -4.44          420.000    4.454E+00    3.9912065E-05    1.4050427E-19   -2.0959432E-20    9.6390714E-06
      -4.34          420.000    4.140E+00    8.1533233E-05    6.9804349E-20   -5.1964645E-20    1.4780207E-06
      -4.24          420.000    3.891E+00    9.1730805E-05   -3.2798704E-20   -2.5319532E-19   -4.8596041E-05
      -4.14          420.000    3.676E+00   -8.8630800E-06   -1.5404161E-20   -5.8927305E-20   -4.3897725E-05
      -4.04          420.000    3.432E+00   -3.8356237E-05   -4.4852333E-20   -1.1320639E-19   -2.6959721E-05
      -3.94          420.000    3.148E+00   -4.5493940E-05    6.9997676E-20    1.3416414E-19   -7.0035618E-08
      -3.84          420.000    2.799E+00    5.5392200E-06   -2.2111090E-20   -8.8838391E-21    2.7610364E-05
      -3.74          420.000    2.174E+00    8.5092331E-05    1.6120065E-20   -6.8132773E-21    3.9946627E-05
      -3.64          420.000    1.013E+00   -5.7382407E-05   -6.8862327E-20   -1.3625110E-19   -2.5908912E-05
      -3.54          420.000    4.408E-01   -3.2648947E-05   -8.5118250E-20   -1.3345051E-19    6.4739731E-07
      -3.44          420.000    2.406E-01    8.3882749E-06   -7.0600164E-20   -9.1890839E-20    2.0033688E-05
      -3.34          420.000    1.291E-01    2.9949091E-05    1.8858624E-19    1.6230665E-19    3.4014937E-05
      -3.24          420.000    5.695E-02    5.2950086E-05    1.3389990E-19    1.1820830E-19    5.3074059E-05
      -3.14          420.000    1.595E-02    9.4455993E-05    6.2973922E-20    4.4880412E-20    7.6077993E-05
      -3.04          420.000   -2.999E-03   -5.1727668E-05   -9.0793184E-20   -8.4853637E-20   -2.9840607E-05
      -2.94          420.000   -2.899E-02   -7.4667595E-05   -1.0309786E-19   -9.8624977E-20   -7.1643616E-05
      -2.84          420.000   -8.554E-02   -4.0640476E-05    1.4802136E-19    1.3998047E-19   -4.6793744E-05
      -2.74          420.000   -1.816E-01   -2.0782501E-05   -9.0771073E-20   -9.5968864E-20   -3.3323775E-05
      -2.64          420.000   -3.299E-01    1.1851901E-06   -1.7396708E-20   -6.2762761E-21   -2.7293786E-05
      -2.54          420.000   -5.584E-01    4.1084495E-05   -3.1172982E-20   -2.9697029E-20   -2.3364219E-05
      -2.44          420.000   -8.434E-01    6.6137365E-05    2.2557402E-20    2.2002062E-19   -1.2280162E-05
      -2.34          420.000   -1.105E+00    1.8077173E-05    1.0699043E-20    6.3008178E-20   -1.2588855E-06
      -2.24          420.000   -1.362E+00   -1.6998831E-05    3.3214042E-20    2.2678231E-19    7.6212053E-06
      -2.14          420.000   -1.576E+00    5.9355044E-06   -1.4033241E-20   -5.9270245E-20    1.0719493E-05
      -2.04          420.000   -1.728E+00    2.4141123E-05   -2.7893186E-20   -1.5496322E-19    1.4675557E-05
      -1.94          420.000   -1.840E+00    4.1804169E-05    3.6235342E-20    2.0643488E-19    2.5415355E-05
      -1.84          420.000   -1.927E+00    6.5406225E-05    4.9914339E-21    1.6648223E-20    5.8749014E-05
# T(K) =   430.00   Npoints =      31   V(cm^3) =  4.649E-22
      -4.84          430.000    5.886E+00   -9.6088934E-06   -3.4479421E-20   -2.0522622E-20    2.6749493E-05
      -4.74          430.000    5.516E+00   -1.5602295E-05    1.4629629E-19    9.4460893E-20    3.0544958E-05
      -4.64          430.000    5.182E+00   -2.3512719E-05   -2.7460412E-19   -4.0501324E-20    3.4656585E-05
      -4.54          430.000    4.825E+00   -1.1953783E-06    4.1774887E-19    7.4087034E-20    1.4390382E-05
      -4.44          430.000    4.455E+00    4.0379221E-05    1.5087233E-19   -1.8365802E-20    9.8690560E-06
      -4.34          430.000    4.141E+00    8.2545636E-05    6.1057305E-20   -5.7646298E-20    7.7400782E-07
      -4.24          430.000    3.891E+00    9.2944356E-05   -3.0554221E-20   -2.5011435E-19   -4.9065968E-05
      -4.14          430.000    3.676E+00   -7.8120252E-06   -1.8333979E-20   -6.6617816E-20   -4.4681383E-05
      -4.04          430.000    3.432E+00   -3.9128332E-05   -4.2852855E-20   -1.0772626E-19   -2.7273334E-05
      -3.94          430.000    3.147E+00   -4.5530384E-05    6.8284275E-20    1.3088448E-19   -7.6850817E-08
      -3.84          430.000    2.797E+00    5.8028093E-06   -2.0067188E-20   -6.7817253E-21    2.7952074E-05
      -3.74          430.000    2.167E+00    8.3726296E-05    1.2762172E-20   -1.0195942E-20    3.9474668E-05
      -3.64          430.000    1.020E+00   -5.5002863E-05   -7.0648770E-20   -1.3809111E-19   -2.5077840E-05
      -3.54          430.000    4.444E-01   -3.3002376E-05   -8.5945171E-20   -1.3513280E-19    5.7805091E-07
      -3.44          430.000    2.416E-01    8.3044604E-06   -6.9131561E-20   -9.1268517E-20    2.0346887E-05
      -3.34          430.000    1.295E-01    3.0483519E-05    1.8681294E-19    1.6059461E-19    3.4726174E-05
      -3.24          430.000    5.728E-02    5.3979642E-05    1.3949434E-19    1.2319749E-19    5.4095482E-05
      -3.14          430.000    1.619E-02    9.4730837E-05    6.2574458E-20    4.4689499E-20    7.6384032E-05
      -3.04          430.000   -3.075E-03   -4.9781847E-05   -9.3418423E-20   -8.9517822E-20   -2.9665106E-05
      -2.94          430.000   -2.931E-02   -7.5571142E-05   -9.5207236E-20   -9.1346936E-20   -7.2507938E-05
      -2.84          430.000   -8.595E-02   -4.1468598E-05    1.4112270E-19    1.3353889E-19   -4.7819871E-05
      -2.74          430.000   -1.821E-01   -2.1125567E-05   -8.9110834E-20   -9.4427178E-20   -3.4127714E-05
      -2.64          430.000   -3.307E-01    1.4014654E-06   -1.8013643E-20   -6.8457371E-21   -2.7950094E-05
      -2.54          430.000   -5.591E-01    4.1488674E-05   -3.0910081E-20   -2.7703180E-20   -2.3749206E-05
      -2.44          430.000   -8.431E-01    6.6803866E-05    2.1476656E-20    2.1262457E-19   -1.2546861E-05
      -2.34          430.000   -1.105E+00    1.8977513E-05    1.1781370E-20    7.0355112E-20   -1.3072310E-06
      -2.24          430.000   -1.361E+00   -1.6542333E-05    3.2723362E-20    2.2430519E-19    7.7134203E-06
      -2.14          430.000   -1.575E+00    5.9820580E-06   -1.3408717E-20   -5.5873502E-20    1.0957140E-05
      -2.04          430.000   -1.727E+00    2.4589972E-05   -2.7541360E-20   -1.5357306E-19    1.5111368E-05
      -1.94          430.000   -1.840E+00    4.2640270E-05    3.5395293E-20    2.0095119E-19    2.6122702E-05
      -1.84          430.000   -1.927E+00    6.6257975E-05    4.9224864E-21    1.7165298E-20    5.9898555E-05
# T(K) =   440.00   Npoints =      31   V(cm^3) =  4.649E-22
      -4.84          440.000    5.887E+00   -1.0022763E-05   -3.1943327E-20   -1.8295075E-20    2.6996611E-05
      -4.74          440.000    5.516E+00   -1.6052452E-05    1.4166012E-19    9.2690075E-20    3.1195244E-05
      -4.64          440.000    5.181E+00   -2.3558150E-05   -2.6159811E-19   -3.7116197E-20    3.5215590E-05
      -4.54          440.000    4.825E+00   -1.0037163E-06    4.1405717E-19    7.4254416E-20    1.4995608E-05
      -4.44          440.000    4.455E+00    4.0833337E-05    1.6036589E-19   -1.5958034E-20    1.0087422E-05
      -4.34          440.000    4.141E+00    8.3505065E-05    5.3510746E-20   -6.2914147E-20    5.5956423E-08
      -4.24          440.000    3.892E+00    9.4101215E-05   -2.8547582E-20   -2.4725407E-19   -4.9527228E-05
      -4.14          440.000    3.676E+00   -6.7146091E-06   -2.1134449E-20   -7.3946366E-20   -4.5437286E-05
      -4.04          440.000    3.431E+00   -3.9849113E-05   -4.0948745E-20   -1.0249902E-19   -2.7577042E-05
      -3.94          440.000    3.146E+00   -4.5531791E-05    6.6578626E-20    1.2765062E-19   -8.3272526E-08
      -3.84          440.000    2.794E+00    6.0552062E-06   -1.8123261E-20   -4.7770618E-21    2.8265582E-05
      -3.74          440.000    2.161E+00    8.2329465E-05    9.5613107E-21   -1.3411006E-20    3.9017766E-05
      -3.64          440.000    1.027E+00   -5.2701867E-05   -7.2411355E-20   -1.3983692E-19   -2.4230494E-05
      -3.54          440.000    4.481E-01   -3.3310183E-05   -8.6724417E-20   -1.3672121E-19    5.2269499E-07
      -3.44          440.000    2.426E-01    8.2171782E-06   -6.7642052E-20   -9.0604686E-20    2.0653069E-05
      -3.34          440.000    1.300E-01    3.1003952E-05    1.8492032E-19    1.5877328E-19    3.5427574E-05
      -3.24          440.000    5.761E-02    5.4983394E-05    1.4466497E-19    1.2782296E-19    5.5094044E-05
      -3.14          440.000    1.642E-02    9.4926661E-05    6.2467607E-20    4.4800340E-20    7.6645265E-05
      -3.04          440.000   -3.153E-03   -4.7954057E-05   -9.5662226E-20   -9.3444870E-20   -2.9476544E-05
      -2.94          440.000   -2.963E-02   -7.6415309E-05   -8.7826411E-20   -8.4509391E-20   -7.3331070E-05
      -2.84          440.000   -8.637E-02   -4.2281238E-05    1.3447869E-19    1.2733104E-19   -4.8836153E-05
      -2.74          440.000   -1.827E-01   -2.1457791E-05   -8.7394066E-20   -9.2820561E-20   -3.4931825E-05
      -2.64          440.000   -3.316E-01    1.6187543E-06   -1.8660134E-20   -7.4703991E-21   -2.8600279E-05
      -2.54          440.000   -5.597E-01    4.1873438E-05   -3.0612991E-20   -2.5732762E-20   -2.4131693E-05
      -2.44          440.000   -8.428E-01    6.7421667E-05    2.0493236E-20    2.0570483E-19   -1.2808095E-05
      -2.34          440.000   -1.105E+00    1.9892653E-05    1.2851365E-20    7.7512458E-20   -1.3576399E-06
      -2.24          440.000   -1.361E+00   -1.6054491E-05    3.2259916E-20    2.2186656E-19    7.7999735E-06
      -2.14          440.000   -1.574E+00    6.0380881E-06   -1.2805380E-20   -5.2602168E-20    1.1198743E-05
      -2.04          440.000   -1.727E+00    2.5030806E-05   -2.7167557E-20   -1.5204864E-19    1.5544786E-05
      -1.94          440.000   -1.839E+00    4.3461617E-05    3.4546050E-20    1.9543330E-19    2.6836595E-05
      -1.84          440.000   -1.927E+00    6.7091810E-05    4.8909053E-21    1.7902232E-20    6.1018789E-05
# T(K) =   450.00   Npoints =      31   V(cm^3) =  4.649E-22
      -4.84          450.000    5.888E+00   -1.0456712E-05   -2.9483438E-20   -1.6115406E-20    2.7215326E-05
      -4.74          450.000    5.517E+00   -1.6495152E-05    1.3704835E-19    9.0916536E-20    3.1834009E-05
      -4.64          450.000    5.181E+00   -2.3588320E-05   -2.4887303E-19   -3.3802740E-20    3.5761758E-05
      -4.54          450.000    4.825E+00   -8.0360968E-07    4.0967086E-19    7.4305894E-20    1.5607468E-05
      -4.44          450.000    4.456E+00    4.1274651E-05    1.6903661E-19   -1.3725169E-20    1.0294276E-05
      -4.34          450.000    4.142E+00    8.4412918E-05    4.7061436E-20   -6.7790042E-20   -6.7385812E-07
      -4.24          450.000    3.892E+00    9.5202809E-05   -2.6771582E-20   -2.4460967E-19   -4.9979705E-05
      -4.14          450.000    3.675E+00   -5.5744201E-06   -2.3807477E-20   -8.0915631E-20   -4.6165515E-05
      -4.04          450.000    3.431E+00   -4.0516447E-05   -3.9141321E-20   -9.7526610E-20   -2.7870908E-05
      -3.94          450.000    3.146E+00   -4.5500082E-05    6.4884582E-20    1.2446622E-19   -8.9545786E-08
      -3.84          450.000    2.792E+00    6.2955396E-06   -1.6280071E-20   -2.8720317E-21    2.8551212E-05
      -3.74          450.000    2.154E+00    8.0907192E-05    6.5086602E-21   -1.6465557E-20    3.8575785E-05
      -3.64          450.000    1.034E+00   -5.0479532E-05   -7.4147633E-20   -1.4149203E-19   -2.3369589E-05
      -3.54          450.000    4.519E-01   -3.3572704E-05   -8.7459244E-20   -1.3821832E-19    4.8206176E-07
      -3.44          450.000    2.436E-01    8.1273083E-06   -6.6139193E-20   -8.9905266E-20    2.0952543E-05
      -3.34          450.000    1.304E-01    3.1510321E-05    1.8292407E-19    1.5685679E-19    3.6118945E-05
      -3.24          450.000    5.795E-02    5.5960419E-05    1.4942931E-19    1.3209972E-19    5.6069167E-05
      -3.14          450.000    1.666E-02    9.5048664E-05    6.2622419E-20    4.5182728E-20    7.6863385E-05
      -3.04          450.000   -3.230E-03   -4.6233902E-05   -9.7530400E-20   -9.6689866E-20   -2.9277170E-05
      -2.94          450.000   -2.996E-02   -7.7200392E-05   -8.0943086E-20   -7.8103854E-20   -7.4113889E-05
      -2.84          450.000   -8.680E-02   -4.3077540E-05    1.2808238E-19    1.2135064E-19   -4.9842224E-05
      -2.74          450.000   -1.832E-01   -2.1779304E-05   -8.5637201E-20   -9.1165225E-20   -3.5735583E-05
      -2.64          450.000   -3.324E-01    1.8364103E-06   -1.9327328E-20   -8.1388165E-21   -2.9244588E-05
      -2.54          450.000   -5.603E-01    4.2239247E-05   -3.0286513E-20   -2.3791857E-20   -2.4511306E-05
      -2.44          450.000   -8.426E-01    6.7992873E-05    1.9600230E-20    1.9923239E-19   -1.3064201E-05
      -2.34          450.000   -1.105E+00    2.0820209E-05    1.3904115E-20    8.4447140E-20   -1.4101225E-06
      -2.24          450.000   -1.360E+00   -1.5535855E-05    3.1823870E-20    2.1946876E-19    7.8815153E-06
      -2.14          450.000   -1.574E+00    6.1044407E-06   -1.2221045E-20   -4.9448531E-20    1.1443299E-05
      -2.04          450.000   -1.726E+00    2.5463892E-05   -2.6772562E-20   -1.5039306E-19    1.5976887E-05
      -1.94          450.000   -1.839E+00    4.4268060E-05    3.3689934E-20    1.8989335E-19    2.7555641E-05
      -1.84          450.000   -1.927E+00    6.7908848E-05    4.8907984E-21    1.8813542E-20    6.2110991E-05
# T(K) =   460.00   Npoints =      31   V(cm^3) =  4.649E-22
      -4.84          460.000    5.890E+00   -1.0909981E-05   -2.7100082E-20   -1.3985402E-20    2.7406228E-05
      -4.74          460.000    5.517E+00   -1.6930293E-05    1.3248420E-19    8.9150996E-20    3.2460203E-05
      -4.64          460.000    5.181E+00   -2.3603727E-05   -2.3643486E-19   -3.0560997E-20    3.6295815E-05
      -4.54          460.000    4.825E+00   -5.9552279E-07    4.0469964E-19    7.4256812E-20    1.6224712E-05
      -4.44          460.000    4.457E+00    4.1703405E-05    1.7693319E-19   -1.1656909E-20    1.0489732E-05
      -4.34          460.000    4.142E+00    8.5270635E-05    4.1610761E-20   -7.2295510E-20   -1.4132820E-06
      -4.24          460.000    3.892E+00    9.6250496E-05   -2.5216891E-20   -2.4217347E-19   -5.0423255E-05
      -4.14          460.000    3.675E+00   -4.3950444E-06   -2.6355403E-20   -8.7530000E-20   -4.6866217E-05
      -4.04          460.000    3.431E+00   -4.1128474E-05   -3.7431200E-20   -9.2809361E-20   -2.8155005E-05
      -3.94          460.000    3.145E+00   -4.5437079E-05    6.3205448E-20    1.2133415E-19   -9.5920732E-08
      -3.84          460.000    2.789E+00    6.5230566E-06   -1.4537785E-20   -1.0681535E-21    2.8809378E-05
      -3.74          460.000    2.148E+00    7.9464397E-05    3.5956541E-21   -1.9367055E-20    3.8148479E-05
      -3.64          460.000    1.040E+00   -4.8335480E-05   -7.5855329E-20   -1.4305992E-19   -2.2497635E-05
      -3.54          460.000    4.558E-01   -3.3790436E-05   -8.8152637E-20   -1.3962675E-19    4.5678923E-07
      -3.44          460.000    2.447E-01    8.0357481E-06   -6.4630072E-20   -8.9175902E-20    2.1245663E-05
      -3.34          460.000    1.309E-01    3.2002585E-05    1.8083853E-19    1.5485811E-19    3.6800079E-05
      -3.24          460.000    5.830E-02    5.6909870E-05    1.5380460E-19    1.3604240E-19    5.7020329E-05
      -3.14          460.000    1.689E-02    9.5101754E-05    6.3009676E-20    4.5807791E-20    7.7040075E-05
      -3.04          460.000   -3.309E-03   -4.4612073E-05   -9.9031391E-20   -9.9304812E-20   -2.9068976E-05
      -2.94          460.000   -3.029E-02   -7.7926894E-05   -7.4542166E-20   -7.2119392E-20   -7.4857314E-05
      -2.84          460.000   -8.724E-02   -4.3856704E-05    1.2192658E-19    1.1559119E-19   -5.0837718E-05
      -2.74          460.000   -1.838E-01   -2.2090223E-05   -8.3854452E-20   -8.9475226E-20   -3.6538497E-05
      -2.64          460.000   -3.333E-01    2.0538334E-06   -2.0007233E-20   -8.8405381E-21   -2.9883196E-05
      -2.54          460.000   -5.610E-01    4.2586543E-05   -2.9934957E-20   -2.1885621E-20   -2.4887750E-05
      -2.44          460.000   -8.423E-01    6.8519552E-05    1.8791065E-20    1.9317923E-19   -1.3315472E-05
      -2.34          460.000   -1.104E+00    2.1757863E-05    1.4935522E-20    9.1132943E-20   -1.4646661E-06
      -2.24          460.000   -1.360E+00   -1.4987022E-05    3.1415252E-20    2.1711405E-19    7.9585930E-06
      -2.14          460.000   -1.573E+00    6.1819078E-06   -1.1653702E-20   -4.6404845E-20    1.1689990E-05
      -2.04          460.000   -1.726E+00    2.5889530E-05   -2.6357425E-20   -1.4861084E-19    1.6408504E-05
      -1.94          460.000   -1.839E+00    4.5059494E-05    3.2829209E-20    1.8434368E-19    2.8278646E-05
      -1.84          460.000   -1.927E+00    6.8710113E-05    4.9168335E-21    1.9858791E-20    6.3176332E-05
# T(K) =   470.00   Npoints =      31   V(cm^3) =  4.649E-22
      -4.84          470.000    5.891E+00   -1.1381786E-05   -2.4793359E-20   -1.1906594E-20    2.7569957E-05
      -4.74          470.000    5.517E+00   -1.7357783E-05    1.2798774E-19    8.7402752E-20    3.3072846E-05
      -4.64          470.000    5.181E+00   -2.3604879E-05   -2.2428908E-19   -2.7391090E-20    3.6818381E-05
      -4.54          470.000    4.825E+00   -3.7991234E-07    3.9924207E-19    7.4121034E-20    1.6846105E-05
      -4.44          470.000    4.457E+00    4.2119846E-05    1.8410159E-19   -9.7435707E-21    1.0673912E-05
      -4.34          470.000    4.143E+00    8.6079687E-05    3.7065094E-20   -7.6451600E-20   -2.1602830E-06
      -4.24          470.000    3.893E+00    9.7245579E-05   -2.3872553E-20   -2.3993565E-19   -5.0857716E-05
      -4.14          470.000    3.675E+00   -3.1800435E-06   -2.8780915E-20   -9.3795359E-20   -4.7539599E-05
      -4.04          470.000    3.430E+00   -4.1683609E-05   -3.5818380E-20   -8.8346170E-20   -2.8429412E-05
      -3.94          470.000    3.144E+00   -4.5344505E-05    6.1544013E-20    1.1825656E-19   -1.0264935E-07
      -3.84          470.000    2.786E+00    6.7371181E-06   -1.2896051E-20    6.3363568E-22    2.9040575E-05
      -3.74          470.000    2.142E+00    7.8005592E-05    8.1406689E-22   -2.2123164E-20    3.7735520E-05
      -3.64          470.000    1.047E+00   -4.6268929E-05   -7.7532318E-20   -1.4454397E-19   -2.1616945E-05
      -3.54          470.000    4.598E-01   -3.3964021E-05   -8.8807330E-20   -1.4094908E-19    4.4742146E-07
      -3.44          470.000    2.459E-01    7.9433953E-06   -6.3121276E-20   -8.8421939E-20    2.1532821E-05
      -3.34          470.000    1.314E-01    3.2480729E-05    1.7867674E-19    1.5278906E-19    3.7470756E-05
      -3.24          470.000    5.865E-02    5.7830984E-05    1.5780772E-19    1.3966526E-19    5.7947065E-05
      -3.14          470.000    1.713E-02    9.5090558E-05    6.3601947E-20    4.6648093E-20    7.7176993E-05
      -3.04          470.000   -3.388E-03   -4.3080225E-05   -1.0017583E-19   -1.0133872E-19   -2.8853731E-05
      -2.94          470.000   -3.063E-02   -7.8595497E-05   -6.8606348E-20   -6.6543087E-20   -7.5562301E-05
      -2.84          470.000   -8.769E-02   -4.4617980E-05    1.1600400E-19    1.1004604E-19   -5.1822277E-05
      -2.74          470.000   -1.844E-01   -2.2390661E-05   -8.2058075E-20   -8.7762710E-20   -3.7340106E-05
      -2.64          470.000   -3.341E-01    2.2704688E-06   -2.0692679E-20   -9.5660683E-21   -3.0516219E-05
      -2.54          470.000   -5.616E-01    4.2915760E-05   -2.9562176E-20   -2.0018355E-20   -2.5260796E-05
      -2.44          470.000   -8.421E-01    6.9003729E-05    1.8059527E-20    1.8751848E-19   -1.3562165E-05
      -2.34          470.000   -1.104E+00    2.2703377E-05    1.5942215E-20    9.7549658E-20   -1.5212395E-06
      -2.24          470.000   -1.359E+00   -1.4408641E-05    3.1033961E-20    2.1480450E-19    8.0316683E-06
      -2.14          470.000   -1.572E+00    6.2712271E-06   -1.1101503E-20   -4.3463468E-20    1.1938149E-05
      -2.04          470.000   -1.725E+00    2.6308048E-05   -2.5923387E-20   -1.4670758E-19    1.6840273E-05
      -1.94          470.000   -1.839E+00    4.5835859E-05    3.1966064E-20    1.7879668E-19    2.9004576E-05
      -1.84          470.000   -1.927E+00    6.9496540E-05    4.9642046E-21    2.1002266E-20    6.4215892E-05
# T(K) =   480.00   Npoints =      31   V(cm^3) =  4.649E-22
      -4.84          480.000    5.892E+00   -1.1871317E-05   -2.2563131E-20   -9.8802473E-21    2.7707202E-05
      -4.74          480.000    5.518E+00   -1.7777541E-05    1.2357615E-19    8.5679803E-20    3.3671029E-05
      -4.64          480.000    5.180E+00   -2.3592292E-05   -2.1244055E-19   -2.4293182E-20    3.7329977E-05
      -4.54          480.000    4.825E+00   -1.5722618E-07    3.9338634E-19    7.3911037E-20    1.7470433E-05
      -4.44          480.000    4.458E+00    4.2524223E-05    1.9058526E-19   -7.9760370E-21    1.0846944E-05
      -4.34          480.000    4.144E+00    8.6841562E-05    3.3336043E-20   -8.0278771E-20   -2.9129484E-06
      -4.24          480.000    3.893E+00    9.8189320E-05   -2.2726427E-20   -2.3788480E-19   -5.1282907E-05
      -4.14          480.000    3.674E+00   -1.9329347E-06   -3.1086988E-20   -9.9718880E-20   -4.8185923E-05
      -4.04          480.000    3.430E+00   -4.2180538E-05   -3.4302316E-20   -8.4134704E-20   -2.8694217E-05
      -3.94          480.000    3.143E+00   -4.5223989E-05    5.9902587E-20    1.1523491E-19   -1.0998247E-07
      -3.84          480.000    2.783E+00    6.9371946E-06   -1.1354077E-20    2.2329057E-21    2.9245367E-05
      -3.74          480.000    2.136E+00    7.6534905E-05   -1.8439297E-21   -2.4741612E-20    3.7336519E-05
      -3.64          480.000    1.053E+00   -4.4278760E-05   -7.9176611E-20   -1.4594741E-19   -2.0729648E-05
      -3.54          480.000    4.639E-01   -3.4094231E-05   -8.9425816E-20   -1.4218791E-19    4.5441024E-07
      -3.44          480.000    2.471E-01    7.8511354E-06   -6.1618879E-20   -8.7648398E-20    2.1814432E-05
      -3.34          480.000    1.319E-01    3.2944766E-05    1.7645054E-19    1.5066042E-19    3.8130762E-05
      -3.24          480.000    5.902E-02    5.8723080E-05    1.6145521E-19    1.4298222E-19    5.8848960E-05
      -3.14          480.000    1.738E-02    9.5019438E-05    6.4373614E-20    4.7677706E-20    7.7275768E-05
      -3.04          480.000   -3.467E-03   -4.1630866E-05   -1.0097614E-19   -1.0283773E-19   -2.8633006E-05
      -2.94          480.000   -3.097E-02   -7.9207030E-05   -6.3116643E-20   -6.1360445E-20   -7.6229832E-05
      -2.84          480.000   -8.815E-02   -4.5360674E-05    1.1030728E-19    1.0470847E-19   -5.2795549E-05
      -2.74          480.000   -1.850E-01   -2.2680725E-05   -8.0258603E-20   -8.6038151E-20   -3.8139972E-05
      -2.64          480.000   -3.350E-01    2.4858040E-06   -2.1377274E-20   -1.0306823E-20   -3.1143730E-05
      -2.54          480.000   -5.622E-01    4.3227317E-05   -2.9171598E-20   -1.8193581E-20   -2.5630270E-05
      -2.44          480.000   -8.419E-01    6.9447377E-05    1.7399759E-20    1.8222451E-19   -1.3804509E-05
      -2.34          480.000   -1.104E+00    2.3654601E-05    1.6921464E-20    1.0368231E-19   -1.5797966E-06
      -2.24          480.000   -1.359E+00   -1.3801412E-05    3.0679768E-20    2.1254199E-19    8.1011331E-06
      -2.14          480.000   -1.572E+00    6.3730824E-06   -1.0562762E-20   -4.0616976E-20    1.2187235E-05
      -2.04          480.000   -1.725E+00    2.6719800E-05   -2.5471819E-20   -1.4468970E-19    1.7272669E-05
      -1.94          480.000   -1.838E+00    4.6597135E-05    3.1102598E-20    1.7326451E-19    2.9732532E-05
      -1.84          480.000   -1.927E+00    7.0268977E-05    5.0286000E-21    2.2212648E-20    6.5230679E-05
# T(K) =   490.00   Npoints =      31   V(cm^3) =  4.649E-22
      -4.84          490.000    5.894E+00   -1.2377736E-05   -2.0409029E-20   -7.9073685E-21    2.7818690E-05
      -4.74          490.000    5.518E+00   -1.8189501E-05    1.1926396E-19    8.3988968E-20    3.4253914E-05
      -4.64          490.000    5.180E+00   -2.3566486E-05   -2.0089340E-19   -2.1267442E-20    3.7831030E-05
      -4.54          490.000    4.825E+00    7.2097445E-08    3.8721105E-19    7.3638003E-20    1.8096508E-05
      -4.44          490.000    4.459E+00    4.2916786E-05    1.9642524E-19   -6.3457218E-21    1.1008970E-05
      -4.34          490.000    4.145E+00    8.7557754E-05    3.0340574E-20   -8.3796795E-20   -3.6694818E-06
      -4.24          490.000    3.893E+00    9.9082952E-05   -2.1765562E-20   -2.3600842E-19   -5.1698635E-05
      -4.14          490.000    3.674E+00   -6.5717281E-07   -3.3276821E-20   -1.0530883E-19   -4.8805496E-05
      -4.04          490.000    3.429E+00   -4.2618211E-05   -3.2881994E-20   -8.0171579E-20   -2.8949519E-05
      -3.94          490.000    3.142E+00   -4.5077058E-05    5.8283033E-20    1.1227006E-19   -1.1816711E-07
      -3.84          490.000    2.780E+00    7.1228614E-06   -9.9106930E-21    3.7296684E-21    2.9424372E-05
      -3.74          490.000    2.131E+00    7.5056106E-05   -4.3857335E-21   -2.7230078E-20    3.6951039E-05
      -3.64          490.000    1.059E+00   -4.2363578E-05   -8.0786344E-20   -1.4727327E-19   -1.9837697E-05
      -3.54          490.000    4.681E-01   -3.4181954E-05   -9.0010370E-20   -1.4334583E-19    4.7811786E-07
      -3.44          490.000    2.483E-01    7.7598316E-06   -6.0128437E-20   -8.6859968E-20    2.2090933E-05
      -3.34          490.000    1.324E-01    3.3394735E-05    1.7417064E-19    1.4848199E-19    3.8779887E-05
      -3.24          490.000    5.939E-02    5.9585560E-05    1.6476327E-19    1.4600684E-19    5.9725654E-05
      -3.14          490.000    1.762E-02    9.4892496E-05    6.5300865E-20    4.8872256E-20    7.7337991E-05
      -3.04          490.000   -3.547E-03   -4.0257263E-05   -1.0144614E-19   -1.0384517E-19   -2.8408201E-05
      -2.94          490.000   -3.132E-02   -7.9762448E-05   -5.8052822E-20   -5.6555751E-20   -7.6860904E-05
      -2.84          490.000   -8.862E-02   -4.6084139E-05    1.0482905E-19    9.9571740E-20   -5.3757195E-05
      -2.74          490.000   -1.857E-01   -2.2960520E-05   -7.8465042E-20   -8.4310537E-20   -3.8937675E-05
      -2.64          490.000   -3.359E-01    2.6993679E-06   -2.2055366E-20   -1.1055085E-20   -3.1765765E-05
      -2.54          490.000   -5.629E-01    4.3521623E-05   -2.8766262E-20   -1.6414117E-20   -2.5996043E-05
      -2.44          490.000   -8.417E-01    6.9852414E-05    1.6806266E-20    1.7727291E-19   -1.4042704E-05
      -2.34          490.000   -1.104E+00    2.4609484E-05    1.7871108E-20    1.0952044E-19   -1.6402794E-06
      -2.24          490.000   -1.358E+00   -1.3166079E-05    3.0352323E-20    2.1032809E-19    8.1673213E-06
      -2.14          490.000   -1.571E+00    6.4881045E-06   -1.0035942E-20   -3.7858235E-20    1.2436807E-05
      -2.04          490.000   -1.725E+00    2.7125160E-05   -2.5004173E-20   -1.4256418E-19    1.7706036E-05
      -1.94          490.000   -1.838E+00    4.7343347E-05    3.0240812E-20    1.6775898E-19    3.0461721E-05
      -1.84          490.000   -1.927E+00    7.1028192E-05    5.1061689E-21    2.3462668E-20    6.6221638E-05
# T(K) =   500.00   Npoints =      31   V(cm^3) =  4.649E-22
      -4.84          500.000    5.895E+00   -1.2900185E-05   -1.8330451E-20   -5.9887073E-21    2.7905183E-05
      -4.74          500.000    5.519E+00   -1.8593612E-05    1.1506331E-19    8.2335998E-20    3.4820734E-05
      -4.64          500.000    5.180E+00   -2.3527986E-05   -1.8965101E-19   -1.8314019E-20    3.8321878E-05
      -4.54          500.000    4.824E+00    3.0763042E-07    3.8078594E-19    7.3311910E-20    1.8723174E-05
      -4.44          500.000    4.459E+00    4.3297788E-05    2.0166041E-19   -4.8445317E-21    1.1160138E-05
      -4.34          500.000    4.145E+00    8.8229757E-05    2.8001056E-20   -8.7024694E-20   -4.4281994E-06
      -4.24          500.000    3.894E+00    9.9927685E-05   -2.0976524E-20   -2.3429331E-19   -5.2104701E-05
      -4.14          500.000    3.674E+00    6.4386431E-07   -3.5353782E-20   -1.1057439E-19   -4.9398668E-05
      -4.04          500.000    3.429E+00   -4.2995834E-05   -3.1555994E-20   -7.6452516E-20   -2.9195423E-05
      -3.94          500.000    3.141E+00   -4.4905148E-05    5.6686813E-20    1.0936233E-19   -1.2744405E-07
      -3.84          500.000    2.777E+00    7.2937935E-06   -8.5644100E-21    5.1243190E-21    2.9578260E-05
      -3.74          500.000    2.125E+00    7.3572634E-05   -6.8182954E-21   -2.9596109E-20    3.6578611E-05
      -3.64          500.000    1.065E+00   -4.0521770E-05   -8.2359774E-20   -1.4852443E-19   -1.8942877E-05
      -3.54          500.000    4.723E-01   -3.4228180E-05   -9.0563059E-20   -1.4442539E-19    5.1882061E-07
      -3.44          500.000    2.497E-01    7.6703168E-06   -5.8654993E-20   -8.6061008E-20    2.2362765E-05
      -3.34          500.000    1.330E-01    3.3830703E-05    1.7184672E-19    1.4626263E-19    3.9417936E-05
      -3.24          500.000    5.977E-02    6.0417911E-05    1.6774771E-19    1.4875231E-19    6.0576835E-05
      -3.14          500.000    1.787E-02    9.4713592E-05    6.6361666E-20    5.0208946E-20    7.7365211E-05
      -3.04          500.000   -3.628E-03   -3.8953354E-05   -1.0160074E-19   -1.0440174E-19   -2.8180561E-05
      -2.94          500.000   -3.167E-02   -8.0262806E-05   -5.3393803E-20   -5.2112387E-20   -7.7456528E-05
      -2.84          500.000   -8.910E-02   -4.6787780E-05    9.9562019E-20    9.4629156E-20   -5.4706886E-05
      -2.74          500.000   -1.863E-01   -2.3230150E-05   -7.6685055E-20   -8.2587554E-20   -3.9732811E-05
      -2.64          500.000   -3.368E-01    2.9107285E-06   -2.2721991E-20   -1.1803954E-20   -3.2382333E-05
      -2.54          500.000   -5.635E-01    4.3799080E-05   -2.8348853E-20   -1.4682149E-20   -2.6358020E-05
      -2.44          500.000   -8.415E-01    7.0220697E-05    1.6273904E-20    1.7264061E-19   -1.4276933E-05
      -2.34          500.000   -1.104E+00    2.5566079E-05    1.8789482E-20    1.1505750E-19   -1.7026204E-06
      -2.24          500.000   -1.358E+00   -1.2503436E-05    3.0051171E-20    2.0816410E-19    8.2305201E-06
      -2.14          500.000   -1.570E+00    6.6168712E-06   -9.5196518E-21   -3.5180460E-20    1.2686512E-05
      -2.04          500.000   -1.724E+00    2.7524523E-05   -2.4521940E-20   -1.4033836E-19    1.8140610E-05
      -1.94          500.000   -1.838E+00    4.8074560E-05    2.9382598E-20    1.6229144E-19    3.1191440E-05
      -1.84          500.000   -1.927E+00    7.1774873E-05    5.1934899E-21    2.4728772E-20    6.7189664E-05
