# 0 [Electrical conductivity * Seebeck coefficient in SI units, i.e. in A/m/K]
# Mu(eV) T(K) N(#carriers) sigma*S_xx sigma*S_xy sigma*S_yy
# T(K) =   300.00   Npoints =      31   V(cm^3) =  4.649E-22
      -4.84          300.000    5.870E+00    1.8235160E+03    1.3404751E-11   -3.6430854E+03
      -4.74          300.000    5.513E+00    2.8741043E+03   -2.9306190E-11   -3.0783403E+03
      -4.64          300.000    5.186E+00    8.2618284E+03    4.0060492E-11   -2.4140803E+03
      -4.54          300.000    4.826E+00    1.3294841E+03   -2.5113423E-11   -5.8021266E+02
      -4.44          300.000    4.447E+00   -1.3175761E+04    3.3408610E-11   -4.4030910E+02
      -4.34          300.000    4.134E+00   -1.3027854E+04   -1.0166416E-11   -4.7470488E+02
      -4.24          300.000    3.886E+00   -4.5604183E+03    1.4102689E-11    3.1863471E+03
      -4.14          300.000    3.680E+00    9.2727911E+02   -4.4439031E-12    4.2326031E+03
      -4.04          300.000    3.436E+00    1.9636983E+03    1.4978153E-11    4.3707312E+03
      -3.94          300.000    3.155E+00    4.9694164E+03   -2.0905563E-11   -2.5497411E+01
      -3.84          300.000    2.820E+00   -3.6315034E+02    1.0791533E-11   -4.2398358E+03
      -3.74          300.000    2.270E+00   -8.7440424E+03   -8.4871824E-13   -5.2427801E+03
      -3.64          300.000    9.206E-01    4.6277909E+03    5.0731737E-12    4.2717320E+03
      -3.54          300.000    4.061E-01    3.3867662E+03    1.3954063E-11   -3.4172138E+02
      -3.44          300.000    2.326E-01   -1.2777620E+03    8.3695414E-12   -2.1155271E+03
      -3.34          300.000    1.251E-01   -2.5730101E+03   -2.4647696E-11   -2.5123281E+03
      -3.24          300.000    5.367E-02   -2.9350611E+03    1.7022152E-12   -2.5994365E+03
      -3.14          300.000    1.339E-02   -2.8384876E+03   -8.5675912E-13   -2.1538971E+03
      -3.04          300.000   -2.127E-03    1.0585580E+03   -1.2117813E-12    5.2896373E+02
      -2.94          300.000   -2.565E-02    2.8493938E+03    1.2788193E-11    2.5462799E+03
      -2.84          300.000   -8.141E-02    2.5231190E+03   -2.1583548E-11    2.7023311E+03
      -2.74          300.000   -1.762E-01    1.8062901E+03    1.1123954E-11    2.8339303E+03
      -2.64          300.000   -3.215E-01    1.3371767E+02    2.7051999E-12    2.9187901E+03
      -2.54          300.000   -5.507E-01   -3.7708978E+03    5.7427863E-12    3.8367096E+03
      -2.44          300.000   -8.473E-01   -2.7811705E+03   -1.7527876E-11    2.0899090E+03
      -2.34          300.000   -1.104E+00   -3.0605737E+02    4.2436301E-13    2.0238161E+02
      -2.24          300.000   -1.367E+00    8.1353778E+02   -1.0563003E-11   -1.4055462E+03
      -2.14          300.000   -1.582E+00   -2.5625183E+02    6.5158181E-12   -2.0632364E+03
      -2.04          300.000   -1.732E+00   -6.7785837E+02    6.0571486E-12   -1.6535804E+03
      -1.94          300.000   -1.843E+00   -8.2355433E+02   -6.3869895E-12   -3.1784834E+03
      -1.84          300.000   -1.928E+00   -8.1067188E+02    1.4839547E-12   -5.0063686E+03
# T(K) =   310.00   Npoints =      31   V(cm^3) =  4.649E-22
      -4.84          310.000    5.871E+00    1.8445338E+03    1.2794523E-11   -3.7636172E+03
      -4.74          310.000    5.513E+00    3.0498288E+03   -2.9246021E-11   -3.1693098E+03
      -4.64          310.000    5.185E+00    8.3812213E+03    3.8574486E-11   -2.5014648E+03
      -4.54          310.000    4.826E+00    1.3035589E+03   -2.6776494E-11   -6.1373415E+02
      -4.44          310.000    4.448E+00   -1.3406590E+04    3.1146054E-11   -4.6801460E+02
      -4.34          310.000    4.134E+00   -1.3388357E+04   -7.7568680E-12   -4.5611781E+02
      -4.24          310.000    3.887E+00   -4.7755493E+03    1.4114722E-11    3.2451725E+03
      -4.14          310.000    3.680E+00    9.1571447E+02   -3.8803138E-12    4.3766628E+03
      -4.04          310.000    3.436E+00    2.0538964E+03    1.4483846E-11    4.4498300E+03
      -3.94          310.000    3.155E+00    5.0582083E+03   -2.0566683E-11   -1.9685873E+01
      -3.84          310.000    2.819E+00   -4.1257976E+02    1.0254246E-11   -4.3577516E+03
      -3.74          310.000    2.260E+00   -8.7452882E+03   -5.4205221E-13   -5.2160019E+03
      -3.64          310.000    9.289E-01    4.5685293E+03    5.3577573E-12    4.2188065E+03
      -3.54          310.000    4.083E-01    3.4845288E+03    1.4304503E-11   -3.1640984E+02
      -3.44          310.000    2.331E-01   -1.2718503E+03    8.2975179E-12   -2.1637052E+03
      -3.34          310.000    1.254E-01   -2.6484170E+03   -2.4865392E-11   -2.5978848E+03
      -3.24          310.000    5.390E-02   -3.0304230E+03    8.4877157E-13   -2.6827281E+03
      -3.14          310.000    1.359E-02   -2.9033226E+03   -6.3847659E-13   -2.1923004E+03
      -3.04          310.000   -2.196E-03    1.0502509E+03   -1.0267974E-12    5.4474600E+02
      -2.94          310.000   -2.589E-02    2.9174873E+03    1.2276054E-11    2.6072563E+03
      -2.84          310.000   -8.170E-02    2.6002304E+03   -2.0755233E-11    2.7951611E+03
      -2.74          310.000   -1.766E-01    1.8633553E+03    1.1295299E-11    2.9186140E+03
      -2.64          310.000   -3.221E-01    1.1622836E+02    2.5776904E-12    3.0483907E+03
      -2.54          310.000   -5.514E-01   -3.8323619E+03    5.6848713E-12    3.9022958E+03
      -2.44          310.000   -8.470E-01   -2.8717430E+03   -1.6826433E-11    2.1840919E+03
      -2.34          310.000   -1.104E+00   -3.2601317E+02    3.2345123E-13    2.1403811E+02
      -2.24          310.000   -1.366E+00    8.1023683E+02   -1.0405404E-11   -1.4788738E+03
      -2.14          310.000   -1.582E+00   -2.5659984E+02    6.2391869E-12   -2.0548890E+03
      -2.04          310.000   -1.731E+00   -6.9795240E+02    6.0307713E-12   -1.8091735E+03
      -1.94          310.000   -1.842E+00   -8.4997434E+02   -6.2520541E-12   -3.2304968E+03
      -1.84          310.000   -1.928E+00   -8.2992588E+02    1.6749900E-12   -5.1974242E+03
# T(K) =   320.00   Npoints =      31   V(cm^3) =  4.649E-22
      -4.84          320.000    5.872E+00    1.8759879E+03    1.2191781E-11   -3.8791778E+03
      -4.74          320.000    5.513E+00    3.2228676E+03   -2.9086259E-11   -3.2612710E+03
      -4.64          320.000    5.185E+00    8.4925363E+03    3.7112101E-11   -2.5861979E+03
      -4.54          320.000    4.826E+00    1.2715716E+03   -2.8200345E-11   -6.4856548E+02
      -4.44          320.000    4.448E+00   -1.3628691E+04    2.9021214E-11   -4.9446644E+02
      -4.34          320.000    4.135E+00   -1.3740774E+04   -5.4693721E-12   -4.3484323E+02
      -4.24          320.000    3.887E+00   -4.9901311E+03    1.4102970E-11    3.3036324E+03
      -4.14          320.000    3.679E+00    8.9994626E+02   -3.3227282E-12    4.5183547E+03
      -4.04          320.000    3.436E+00    2.1439619E+03    1.3982906E-11    4.5264376E+03
      -3.94          320.000    3.154E+00    5.1390257E+03   -2.0217335E-11   -1.4416231E+01
      -3.84          320.000    2.818E+00   -4.6263141E+02    9.7169725E-12   -4.4715729E+03
      -3.74          320.000    2.251E+00   -8.7346025E+03   -2.2174887E-13   -5.1878304E+03
      -3.64          320.000    9.371E-01    4.5030634E+03    5.6476910E-12    4.1592464E+03
      -3.54          320.000    4.107E-01    3.5769152E+03    1.4636050E-11   -2.9159914E+02
      -3.44          320.000    2.336E-01   -1.2661438E+03    8.2149018E-12   -2.2122290E+03
      -3.34          320.000    1.257E-01   -2.7225732E+03   -2.5038194E-11   -2.6814821E+03
      -3.24          320.000    5.414E-02   -3.1244400E+03    3.0525425E-14   -2.7649085E+03
      -3.14          320.000    1.379E-02   -2.9638484E+03   -4.4150322E-13   -2.2300605E+03
      -3.04          320.000   -2.266E-03    1.0413396E+03   -8.3760930E-13    5.5924885E+02
      -2.94          320.000   -2.614E-02    2.9852227E+03    1.1763660E-11    2.6676011E+03
      -2.84          320.000   -8.200E-02    2.6772526E+03   -1.9943971E-11    2.8869782E+03
      -2.74          320.000   -1.770E-01    1.9178988E+03    1.1398886E-11    3.0053352E+03
      -2.64          320.000   -3.227E-01    9.6938918E+01    2.4807909E-12    3.1737600E+03
      -2.54          320.000   -5.520E-01   -3.8906328E+03    5.6084082E-12    3.9716509E+03
      -2.44          320.000   -8.466E-01   -2.9597121E+03   -1.6158578E-11    2.2736801E+03
      -2.34          320.000   -1.104E+00   -3.4755109E+02    1.8395366E-13    2.2476930E+02
      -2.24          320.000   -1.366E+00    8.0556237E+02   -1.0252832E-11   -1.5432484E+03
      -2.14          320.000   -1.581E+00   -2.5672736E+02    5.9762359E-12   -2.0588677E+03
      -2.04          320.000   -1.731E+00   -7.1772614E+02    6.0137417E-12   -1.9498917E+03
      -1.94          320.000   -1.842E+00   -8.7607416E+02   -6.1153820E-12   -3.2953216E+03
      -1.84          320.000   -1.928E+00   -8.4877162E+02    1.8413286E-12   -5.3782128E+03
# T(K) =   330.00   Npoints =      31   V(cm^3) =  4.649E-22
      -4.84          330.000    5.873E+00    1.9169881E+03    1.1596721E-11   -3.9896249E+03
      -4.74          330.000    5.513E+00    3.3935191E+03   -2.8839669E-11   -3.3539929E+03
      -4.64          330.000    5.185E+00    8.5957874E+03    3.5671914E-11   -2.6684324E+03
      -4.54          330.000    4.826E+00    1.2335262E+03   -2.9401404E-11   -6.8477981E+02
      -4.44          330.000    4.449E+00   -1.3842362E+04    2.7027372E-11   -5.1975180E+02
      -4.34          330.000    4.135E+00   -1.4084568E+04   -3.3045404E-12   -4.1091098E+02
      -4.24          330.000    3.887E+00   -5.2041284E+03    1.4073453E-11    3.3617757E+03
      -4.14          330.000    3.679E+00    8.7998233E+02   -2.7728516E-12    4.6574727E+03
      -4.04          330.000    3.435E+00    2.2336238E+03    1.3479052E-11    4.6005969E+03
      -3.94          330.000    3.154E+00    5.2120327E+03   -1.9858176E-11   -9.6469240E+00
      -3.84          330.000    2.817E+00   -5.1293631E+02    9.1837187E-12   -4.5808198E+03
      -3.74          330.000    2.243E+00   -8.7127641E+03    1.0728501E-13   -5.1587381E+03
      -3.64          330.000    9.453E-01    4.4321398E+03    5.9413594E-12    4.0935021E+03
      -3.54          330.000    4.132E-01    3.6636749E+03    1.4948652E-11   -2.6734069E+02
      -3.44          330.000    2.341E-01   -1.2601584E+03    8.1217585E-12   -2.2606755E+03
      -3.34          330.000    1.259E-01   -2.7953948E+03   -2.5168833E-11   -2.7634101E+03
      -3.24          330.000    5.439E-02   -3.2171308E+03   -7.5351593E-13   -2.8459959E+03
      -3.14          330.000    1.399E-02   -3.0203594E+03   -2.6530050E-13   -2.2670419E+03
      -3.04          330.000   -2.336E-03    1.0320121E+03   -6.4625892E-13    5.7261688E+02
      -2.94          330.000   -2.640E-02    3.0521301E+03    1.1254259E-11    2.7271172E+03
      -2.84          330.000   -8.231E-02    2.7539882E+03   -1.9151412E-11    2.9778877E+03
      -2.74          330.000   -1.774E-01    1.9701842E+03    1.1444855E-11    3.0937711E+03
      -2.64          330.000   -3.233E-01    7.6092406E+01    2.4119633E-12    3.2955875E+03
      -2.54          330.000   -5.527E-01   -3.9458233E+03    5.5158606E-12    4.0439456E+03
      -2.44          330.000   -8.463E-01   -3.0450165E+03   -1.5524439E-11    2.3592148E+03
      -2.34          330.000   -1.104E+00   -3.7067177E+02    1.1677525E-14    2.3489560E+02
      -2.24          330.000   -1.366E+00    7.9953245E+02   -1.0104451E-11   -1.6000532E+03
      -2.14          330.000   -1.581E+00   -2.5669817E+02    5.7264208E-12   -2.0730919E+03
      -2.04          330.000   -1.731E+00   -7.3715934E+02    6.0029855E-12   -2.0785724E+03
      -1.94          330.000   -1.842E+00   -9.0184949E+02   -5.9763975E-12   -3.3705955E+03
      -1.84          330.000   -1.928E+00   -8.6722875E+02    1.9850335E-12   -5.5499728E+03
# T(K) =   340.00   Npoints =      31   V(cm^3) =  4.649E-22
      -4.84          340.000    5.875E+00    1.9668470E+03    1.1009462E-11   -4.0948220E+03
      -4.74          340.000    5.513E+00    3.5620067E+03   -2.8518154E-11   -3.4472574E+03
      -4.64          340.000    5.184E+00    8.6910098E+03    3.4252839E-11   -2.7483226E+03
      -4.54          340.000    4.826E+00    1.1895078E+03   -3.0396488E-11   -7.2241390E+02
      -4.44          340.000    4.449E+00   -1.4047857E+04    2.5157843E-11   -5.4394062E+02
      -4.34          340.000    4.136E+00   -1.4419336E+04   -1.2620009E-12   -3.8438922E+02
      -4.24          340.000    3.888E+00   -5.4174986E+03    1.4031606E-11    3.4196416E+03
      -4.14          340.000    3.679E+00    8.5584766E+02   -2.2321014E-12    4.7938352E+03
      -4.04          340.000    3.435E+00    2.3225971E+03    1.2975542E-11    4.6723443E+03
      -3.94          340.000    3.153E+00    5.2774208E+03   -1.9490194E-11   -5.3482497E+00
      -3.84          340.000    2.815E+00   -5.6313125E+02    8.6578184E-12   -4.6851102E+03
      -3.74          340.000    2.234E+00   -8.6805270E+03    4.4093349E-13   -5.1291124E+03
      -3.64          340.000    9.533E-01    4.3564546E+03    6.2373691E-12    4.0220386E+03
      -3.54          340.000    4.157E-01    3.7446029E+03    1.5242479E-11   -2.4373713E+02
      -3.44          340.000    2.347E-01   -1.2535535E+03    8.0184655E-12   -2.3087177E+03
      -3.34          340.000    1.262E-01   -2.8668097E+03   -2.5260166E-11   -2.8438861E+03
      -3.24          340.000    5.464E-02   -3.3084839E+03   -1.5043452E-12   -2.9259903E+03
      -3.14          340.000    1.420E-02   -3.0731280E+03   -1.0932099E-13   -2.3031442E+03
      -3.04          340.000   -2.408E-03    1.0224160E+03   -4.5457370E-13    5.8497575E+02
      -2.94          340.000   -2.666E-02    3.1178361E+03    1.0750683E-11    2.7856572E+03
      -2.84          340.000   -8.263E-02    2.8302670E+03   -1.8378804E-11    3.0679698E+03
      -2.74          340.000   -1.778E-01    2.0204128E+03    1.1441994E-11    3.1836459E+03
      -2.64          340.000   -3.240E-01    5.3906239E+01    2.3686712E-12    3.4144413E+03
      -2.54          340.000   -5.533E-01   -3.9980422E+03    5.4095316E-12    4.1184813E+03
      -2.44          340.000   -8.459E-01   -3.1276133E+03   -1.4923765E-11    2.4411572E+03
      -2.34          340.000   -1.105E+00   -3.9536420E+02   -1.8804398E-13    2.4467704E+02
      -2.24          340.000   -1.365E+00    7.9216280E+02   -9.9596617E-12   -1.6504511E+03
      -2.14          340.000   -1.580E+00   -2.5657437E+02    5.4891352E-12   -2.0957914E+03
      -2.04          340.000   -1.730E+00   -7.5623652E+02    5.9959607E-12   -2.1975606E+03
      -1.94          340.000   -1.842E+00   -9.2729320E+02   -5.8347022E-12   -3.4543803E+03
      -1.84          340.000   -1.927E+00   -8.8531950E+02    2.1081027E-12   -5.7137238E+03
# T(K) =   350.00   Npoints =      31   V(cm^3) =  4.649E-22
      -4.84          350.000    5.876E+00    2.0250308E+03    1.0430094E-11   -4.1946431E+03
      -4.74          350.000    5.514E+00    3.7284905E+03   -2.8132724E-11   -3.5408558E+03
      -4.64          350.000    5.184E+00    8.7782593E+03    3.2854115E-11   -2.8260221E+03
      -4.54          350.000    4.826E+00    1.1396630E+03   -3.1202416E-11   -7.6147476E+02
      -4.44          350.000    4.450E+00   -1.4245392E+04    2.3406074E-11   -5.6708932E+02
      -4.34          350.000    4.136E+00   -1.4744789E+04    6.5948638E-13   -3.5537393E+02
      -4.24          350.000    3.888E+00   -5.6301906E+03    1.3982246E-11    3.4772604E+03
      -4.14          350.000    3.678E+00    8.2758204E+02   -1.7016491E-12    4.9272846E+03
      -4.04          350.000    3.435E+00    2.4105889E+03    1.2475222E-11    4.7417110E+03
      -3.94          350.000    3.152E+00    5.3354036E+03   -1.9114590E-11   -1.4955057E+00
      -3.84          350.000    2.814E+00   -6.1286797E+02    8.1420241E-12   -4.7841469E+03
      -3.74          350.000    2.226E+00   -8.6386199E+03    7.7578049E-13   -5.0992680E+03
      -3.64          350.000    9.613E-01    4.2766547E+03    6.5345225E-12    3.9453225E+03
      -3.54          350.000    4.185E-01    3.8195393E+03    1.5517848E-11   -2.2092560E+02
      -3.44          350.000    2.353E-01   -1.2461038E+03    7.9056219E-12   -2.3561061E+03
      -3.34          350.000    1.265E-01   -2.9367540E+03   -2.5315089E-11   -2.9230685E+03
      -3.24          350.000    5.491E-02   -3.3984660E+03   -2.2229466E-12   -3.0048789E+03
      -3.14          350.000    1.441E-02   -3.1224068E+03    2.7002680E-14   -2.3382955E+03
      -3.04          350.000   -2.479E-03    1.0126652E+03   -2.6417617E-13    5.9643486E+02
      -2.94          350.000   -2.693E-02    3.1820468E+03    1.0255368E-11    2.8431135E+03
      -2.84          350.000   -8.296E-02    2.9059401E+03   -1.7627051E-11    3.1572842E+03
      -2.74          350.000   -1.782E-01    2.0687378E+03    1.1397931E-11    3.2747243E+03
      -2.64          350.000   -3.247E-01    3.0576703E+01    2.3484145E-12    3.5307859E+03
      -2.54          350.000   -5.540E-01   -4.0473936E+03    5.2915587E-12    4.1946729E+03
      -2.44          350.000   -8.456E-01   -3.2074757E+03   -1.4356000E-11    2.5198994E+03
      -2.34          350.000   -1.105E+00   -4.2160668E+02   -4.1035451E-13    2.5432316E+02
      -2.24          350.000   -1.365E+00    7.8346753E+02   -9.8180494E-12   -1.6954184E+03
      -2.14          350.000   -1.580E+00   -2.5641614E+02    5.2637345E-12   -2.1254682E+03
      -2.04          350.000   -1.730E+00   -7.7494612E+02    5.9905931E-12   -2.3087867E+03
      -1.94          350.000   -1.842E+00   -9.5239640E+02   -5.6900515E-12   -3.5450868E+03
      -1.84          350.000   -1.927E+00   -9.0306749E+02    2.2124518E-12   -5.8703093E+03
# T(K) =   360.00   Npoints =      31   V(cm^3) =  4.649E-22
      -4.84          360.000    5.877E+00    2.0911193E+03    9.8587109E-12   -4.2889757E+03
      -4.74          360.000    5.514E+00    3.8930789E+03   -2.7693498E-11   -3.6345873E+03
      -4.64          360.000    5.184E+00    8.8576106E+03    3.1475280E-11   -2.9016813E+03
      -4.54          360.000    4.826E+00    1.0841837E+03   -3.1835698E-11   -8.0194530E+02
      -4.44          360.000    4.451E+00   -1.4435163E+04    2.1765711E-11   -5.8924390E+02
      -4.34          360.000    4.137E+00   -1.5060721E+04    2.4619140E-12   -3.2398062E+02
      -4.24          360.000    3.888E+00   -5.8421447E+03    1.3929563E-11    3.5346547E+03
      -4.14          360.000    3.678E+00    7.9523787E+02   -1.1824535E-12    5.0576851E+03
      -4.04          360.000    3.434E+00    2.4973024E+03    1.1980558E-11    4.8087229E+03
      -3.94          360.000    3.152E+00    5.3862123E+03   -1.8732678E-11    1.9355298E+00
      -3.84          360.000    2.812E+00   -6.6181925E+02    7.6385866E-12   -4.8777059E+03
      -3.74          360.000    2.218E+00   -8.5877444E+03    1.1090236E-12   -5.0694585E+03
      -3.64          360.000    9.691E-01    4.1933395E+03    6.8317920E-12    3.8638134E+03
      -3.54          360.000    4.213E-01    3.8883686E+03    1.5775170E-11   -1.9906448E+02
      -3.44          360.000    2.359E-01   -1.2376749E+03    7.7839768E-12   -2.4026543E+03
      -3.34          360.000    1.269E-01   -3.0051707E+03   -2.5336468E-11   -3.0010696E+03
      -3.24          360.000    5.518E-02   -3.4870276E+03   -2.9102905E-12   -3.0826405E+03
      -3.14          360.000    1.462E-02   -3.1684294E+03    1.4426383E-13   -2.3724456E+03
      -3.04          360.000   -2.552E-03    1.0028466E+03   -7.6495270E-14    6.0708966E+02
      -2.94          360.000   -2.721E-02    3.2445335E+03    9.7703750E-12    2.8994100E+03
      -2.84          360.000   -8.329E-02    2.9808755E+03   -1.6896768E-11    3.2458739E+03
      -2.74          360.000   -1.786E-01    2.1152755E+03    1.1319289E-11    3.3668052E+03
      -2.64          360.000   -3.254E-01    6.2824079E+00    2.3487566E-12    3.6449988E+03
      -2.54          360.000   -5.546E-01   -4.0939769E+03    5.1639112E-12    4.2720320E+03
      -2.44          360.000   -8.452E-01   -3.2845915E+03   -1.3820345E-11    2.5957746E+03
      -2.34          360.000   -1.105E+00   -4.4936803E+02   -6.5086557E-13    2.6400136E+02
      -2.24          360.000   -1.364E+00    7.7345977E+02   -9.6793463E-12   -1.7357725E+03
      -2.14          360.000   -1.579E+00   -2.5628159E+02    5.0495546E-12   -2.1608604E+03
      -2.04          360.000   -1.730E+00   -7.9327978E+02    5.9852161E-12   -2.4138346E+03
      -1.94          360.000   -1.841E+00   -9.7714934E+02   -5.5423319E-12   -3.6414116E+03
      -1.84          360.000   -1.927E+00   -9.2049681E+02    2.2999012E-12   -6.0204317E+03
# T(K) =   370.00   Npoints =      31   V(cm^3) =  4.649E-22
      -4.84          370.000    5.878E+00    2.1647746E+03    9.2954305E-12   -4.3777239E+03
      -4.74          370.000    5.514E+00    4.0558380E+03   -2.7209720E-11   -3.7282571E+03
      -4.64          370.000    5.183E+00    8.9291561E+03    3.0116139E-11   -2.9754452E+03
      -4.54          370.000    4.826E+00    1.0232944E+03   -3.2312313E-11   -8.4378901E+02
      -4.44          370.000    4.451E+00   -1.4617348E+04    2.0230640E-11   -6.1044232E+02
      -4.34          370.000    4.137E+00   -1.5367004E+04    4.1479144E-12   -2.9033788E+02
      -4.24          370.000    3.889E+00   -6.0532921E+03    1.3877136E-11    3.5918397E+03
      -4.14          370.000    3.678E+00    7.5887813E+02   -6.7528805E-13    5.1849220E+03
      -4.04          370.000    3.434E+00    2.5824414E+03    1.1493676E-11    4.8734025E+03
      -3.94          370.000    3.151E+00    5.4300911E+03   -1.8345817E-11    4.9714029E+00
      -3.84          370.000    2.810E+00   -7.0968305E+02    7.1493254E-12   -4.9656261E+03
      -3.74          370.000    2.210E+00   -8.5285747E+03    1.4383945E-12   -5.0398860E+03
      -3.64          370.000    9.768E-01    4.1070630E+03    7.1282961E-12    3.7779572E+03
      -3.54          370.000    4.243E-01    3.9510173E+03    1.6014914E-11   -1.7832308E+02
      -3.44          370.000    2.366E-01   -1.2282040E+03    7.6543742E-12   -2.4482267E+03
      -3.34          370.000    1.272E-01   -3.0720081E+03   -2.5327095E-11   -3.0779655E+03
      -3.24          370.000    5.545E-02   -3.5741093E+03   -3.5673308E-12   -3.1592482E+03
      -3.14          370.000    1.483E-02   -3.2114118E+03    2.4308420E-13   -2.4055616E+03
      -3.04          370.000   -2.625E-03    9.9302511E+02    1.0722120E-13    6.1702372E+02
      -2.94          370.000   -2.749E-02    3.3051210E+03    9.2974248E-12    2.9544957E+03
      -2.84          370.000   -8.364E-02    3.0549543E+03   -1.6188328E-11    3.3337678E+03
      -2.74          370.000   -1.791E-01    2.1601137E+03    1.1211824E-11    3.4597167E+03
      -2.64          370.000   -3.261E-01   -1.8813108E+01    2.3673459E-12    3.7573849E+03
      -2.54          370.000   -5.552E-01   -4.1378863E+03    5.0283911E-12    4.3501535E+03
      -2.44          370.000   -8.449E-01   -3.3589613E+03   -1.3315818E-11    2.6690655E+03
      -2.34          370.000   -1.105E+00   -4.7860859E+02   -9.0563908E-13    2.7384390E+02
      -2.24          370.000   -1.364E+00    7.6215217E+02   -9.5433960E-12   -1.7721971E+03
      -2.14          370.000   -1.579E+00   -2.5622658E+02    4.8459261E-12   -2.2009094E+03
      -2.04          370.000   -1.729E+00   -8.1123200E+02    5.9785142E-12   -2.5139988E+03
      -1.94          370.000   -1.841E+00   -1.0015420E+03   -5.3915410E-12   -3.7422847E+03
      -1.84          370.000   -1.927E+00   -9.3763138E+02    2.3721683E-12   -6.1646804E+03
# T(K) =   380.00   Npoints =      31   V(cm^3) =  4.649E-22
      -4.84          380.000    5.880E+00    2.2457165E+03    8.7403986E-12   -4.4608102E+03
      -4.74          380.000    5.514E+00    4.2168002E+03   -2.6689785E-11   -3.8216758E+03
      -4.64          380.000    5.183E+00    8.9930049E+03    2.8776728E-11   -3.0474522E+03
      -4.54          380.000    4.826E+00    9.5724262E+02   -3.2647548E-11   -8.8695399E+02
      -4.44          380.000    4.452E+00   -1.4792114E+04    1.8795008E-11   -6.3071639E+02
      -4.34          380.000    4.138E+00   -1.5663565E+04    5.7206536E-12   -2.5458239E+02
      -4.24          380.000    3.889E+00   -6.2635555E+03    1.3827958E-11    3.6488240E+03
      -4.14          380.000    3.677E+00    7.1857463E+02   -1.8076283E-13    5.3088996E+03
      -4.04          380.000    3.434E+00    2.6657134E+03    1.1016390E-11    4.9357690E+03
      -3.94          380.000    3.151E+00    5.4672943E+03   -1.7955356E-11    7.6425499E+00
      -3.84          380.000    2.808E+00   -7.5618485E+02    6.6756887E-12   -5.0478013E+03
      -3.74          380.000    2.202E+00   -8.4617567E+03    1.7620860E-12   -5.0107089E+03
      -3.64          380.000    9.844E-01    4.0183356E+03    7.4232768E-12    3.6881819E+03
      -3.54          380.000    4.273E-01    4.0074505E+03    1.6237580E-11   -1.5887366E+02
      -3.44          380.000    2.373E-01   -1.2176840E+03    7.5177104E-12   -2.4927289E+03
      -3.34          380.000    1.276E-01   -3.1372191E+03   -2.5289649E-11   -3.1538035E+03
      -3.24          380.000    5.574E-02   -3.6596445E+03   -4.1950028E-12   -3.2346717E+03
      -3.14          380.000    1.505E-02   -3.2515532E+03    3.2411375E-13   -2.4376243E+03
      -3.04          380.000   -2.699E-03    9.8324766E+02    2.8589360E-13    6.2631046E+02
      -2.94          380.000   -2.778E-02    3.3636780E+03    8.8379215E-12    3.0083390E+03
      -2.84          380.000   -8.400E-02    3.1280687E+03   -1.5501903E-11    3.4209842E+03
      -2.74          380.000   -1.796E-01    2.2033193E+03    1.1080539E-11    3.5533111E+03
      -2.64          380.000   -3.268E-01   -4.4559404E+01    2.4019323E-12    3.8681884E+03
      -2.54          380.000   -5.559E-01   -4.1792114E+03    4.8866356E-12    4.4287024E+03
      -2.44          380.000   -8.446E-01   -3.4305963E+03   -1.2841302E-11    2.7400124E+03
      -2.34          380.000   -1.105E+00   -5.0928137E+02   -1.1711643E-12    2.8395386E+02
      -2.24          380.000   -1.363E+00    7.4955738E+02   -9.4101257E-12   -1.8052632E+03
      -2.14          380.000   -1.578E+00   -2.5630452E+02    4.6521857E-12   -2.2447302E+03
      -2.04          380.000   -1.729E+00   -8.2879976E+02    5.9694722E-12   -2.6103341E+03
      -1.94          380.000   -1.841E+00   -1.0255645E+03   -5.2377677E-12   -3.8468261E+03
      -1.84          380.000   -1.927E+00   -9.5449445E+02    2.4308631E-12   -6.3035543E+03
# T(K) =   390.00   Npoints =      31   V(cm^3) =  4.649E-22
      -4.84          390.000    5.881E+00    2.3337029E+03    8.1937901E-12   -4.5381771E+03
      -4.74          390.000    5.515E+00    4.3759719E+03   -2.6141282E-11   -3.9146591E+03
      -4.64          390.000    5.183E+00    9.0492819E+03    2.7457277E-11   -3.1178325E+03
      -4.54          390.000    4.826E+00    8.8629081E+02   -3.2855886E-11   -9.3137623E+02
      -4.44          390.000    4.452E+00   -1.4959624E+04    1.7453229E-11   -6.5009331E+02
      -4.34          390.000    4.138E+00   -1.5950380E+04    7.1837308E-12   -2.1685505E+02
      -4.24          390.000    3.890E+00   -6.4728500E+03    1.3784479E-11    3.7056105E+03
      -4.14          390.000    3.677E+00    6.7440640E+02    3.0065607E-13    5.4295400E+03
      -4.04          390.000    3.433E+00    2.7468332E+03    1.0550241E-11    4.9958399E+03
      -3.94          390.000    3.150E+00    5.4980822E+03   -1.7562594E-11    9.9839802E+00
      -3.84          390.000    2.806E+00   -8.0107893E+02    6.2188060E-12   -5.1241719E+03
      -3.74          390.000    2.195E+00   -8.3879075E+03    2.0786863E-12   -4.9820495E+03
      -3.64          390.000    9.918E-01    3.9276266E+03    7.7160803E-12    3.5948945E+03
      -3.54          390.000    4.305E-01    4.0576688E+03    1.6443684E-11   -1.4088545E+02
      -3.44          390.000    2.381E-01   -1.2061510E+03    7.3749013E-12   -2.5361002E+03
      -3.34          390.000    1.279E-01   -3.2007610E+03   -2.5226677E-11   -3.2286096E+03
      -3.24          390.000    5.603E-02   -3.7435637E+03   -4.7942230E-12   -3.3088792E+03
      -3.14          390.000    1.527E-02   -3.2890373E+03    3.8802867E-13   -2.4686249E+03
      -3.04          390.000   -2.773E-03    9.7354736E+02    4.5859741E-13    6.3501468E+02
      -2.94          390.000   -2.807E-02    3.4201085E+03    8.3929841E-12    3.0609236E+03
      -2.84          390.000   -8.437E-02    3.2001194E+03   -1.4837495E-11    3.5075323E+03
      -2.74          390.000   -1.800E-01    2.2449429E+03    1.0929782E-11    3.6474610E+03
      -2.64          390.000   -3.276E-01   -7.0817654E+01    2.4503795E-12    3.9776032E+03
      -2.54          390.000   -5.565E-01   -4.2180376E+03    4.7401222E-12    4.5074031E+03
      -2.44          390.000   -8.443E-01   -3.4995174E+03   -1.2395584E-11    2.8088192E+03
      -2.34          390.000   -1.105E+00   -5.4133311E+02   -1.4443311E-12    2.9441012E+02
      -2.24          390.000   -1.363E+00    7.3568839E+02   -9.2795235E-12   -1.8354469E+03
      -2.14          390.000   -1.577E+00   -2.5656633E+02    4.4676843E-12   -2.2915855E+03
      -2.04          390.000   -1.729E+00   -8.4598232E+02    5.9573285E-12   -2.7036971E+03
      -1.94          390.000   -1.841E+00   -1.0492074E+03   -5.0811753E-12   -3.9543102E+03
      -1.84          390.000   -1.927E+00   -9.7110819E+02    2.4774866E-12   -6.4374799E+03
# T(K) =   400.00   Npoints =      31   V(cm^3) =  4.649E-22
      -4.84          400.000    5.882E+00    2.4285159E+03    7.6558044E-12   -4.6097880E+03
      -4.74          400.000    5.515E+00    4.5333394E+03   -2.5571029E-11   -4.0070277E+03
      -4.64          400.000    5.182E+00    9.0981257E+03    2.6158169E-11   -3.1867075E+03
      -4.54          400.000    4.826E+00    8.1071054E+02   -3.2950934E-11   -9.7698241E+02
      -4.44          400.000    4.453E+00   -1.5120036E+04    1.6199993E-11   -6.6859684E+02
      -4.34          400.000    4.139E+00   -1.6227464E+04    8.5410880E-12   -1.7729813E+02
      -4.24          400.000    3.890E+00   -6.6810836E+03    1.3748644E-11    3.7621963E+03
      -4.14          400.000    3.677E+00    6.2645830E+02    7.6863012E-13    5.5467812E+03
      -4.04          400.000    3.433E+00    2.8255251E+03    1.0096515E-11    5.0536313E+03
      -3.94          400.000    3.149E+00    5.5227189E+03   -1.7168756E-11    1.2035350E+01
      -3.84          400.000    2.804E+00   -8.4414865E+02    5.7795336E-12   -5.1947195E+03
      -3.74          400.000    2.188E+00   -8.3076162E+03    2.3871203E-12   -4.9539993E+03
      -3.64          400.000    9.992E-01    3.8353657E+03    8.0061398E-12    3.4984795E+03
      -3.54          400.000    4.338E-01    4.1017054E+03    1.6633749E-11   -1.2452013E+02
      -3.44          400.000    2.389E-01   -1.1936732E+03    7.2268583E-12   -2.5783064E+03
      -3.34          400.000    1.283E-01   -3.2625954E+03   -2.5140580E-11   -3.3023928E+03
      -3.24          400.000    5.633E-02   -3.8257959E+03   -5.3658884E-12   -3.3818383E+03
      -3.14          400.000    1.550E-02   -3.3240333E+03    4.3552807E-13   -2.4985624E+03
      -3.04          400.000   -2.848E-03    9.6394617E+02    6.2455041E-13    6.4319384E+02
      -2.94          400.000   -2.837E-02    3.4743455E+03    7.9634750E-12    3.1122455E+03
      -2.84          400.000   -8.475E-02    3.2710145E+03   -1.4194973E-11    3.5934147E+03
      -2.74          400.000   -1.805E-01    2.2850236E+03    1.0763329E-11    3.7420557E+03
      -2.64          400.000   -3.283E-01   -9.7459506E+01    2.5106737E-12    4.0857823E+03
      -2.54          400.000   -5.572E-01   -4.2544457E+03    4.5901748E-12    4.5860298E+03
      -2.44          400.000   -8.440E-01   -3.5657537E+03   -1.1977384E-11    2.8756594E+03
      -2.34          400.000   -1.105E+00   -5.7470526E+02   -1.7224016E-12    3.0527152E+02
      -2.24          400.000   -1.363E+00    7.2055884E+02   -9.1516197E-12   -1.8631454E+03
      -2.14          400.000   -1.577E+00   -2.5706028E+02    4.2917935E-12   -2.3408626E+03
      -2.04          400.000   -1.728E+00   -8.6278106E+02    5.9415352E-12   -2.7947802E+03
      -1.94          400.000   -1.840E+00   -1.0724622E+03   -4.9219863E-12   -4.0641370E+03
      -1.84          400.000   -1.927E+00   -9.8749351E+02    2.5134312E-12   -6.5668252E+03
# T(K) =   410.00   Npoints =      31   V(cm^3) =  4.649E-22
      -4.84          410.000    5.883E+00    2.5299501E+03    7.1266586E-12   -4.6756272E+03
      -4.74          410.000    5.515E+00    4.6888740E+03   -2.4985128E-11   -4.0986071E+03
      -4.64          410.000    5.182E+00    9.1396884E+03    2.4879909E-11   -3.2541889E+03
      -4.54          410.000    4.825E+00    7.3077773E+02   -3.2945393E-11   -1.0236922E+03
      -4.44          410.000    4.454E+00   -1.5273507E+04    1.5030256E-11   -6.8624815E+02
      -4.34          410.000    4.139E+00   -1.6494864E+04    9.7969264E-12   -1.3605308E+02
      -4.24          410.000    3.890E+00   -6.8881584E+03    1.3721948E-11    3.8185735E+03
      -4.14          410.000    3.676E+00    5.7481984E+02    1.2229335E-12    5.6605761E+03
      -4.04          410.000    3.433E+00    2.9015250E+03    9.6562768E-12    5.1091591E+03
      -3.94          410.000    3.149E+00    5.5414697E+03   -1.6774973E-11    1.3840625E+01
      -3.84          410.000    2.802E+00   -8.8520615E+02    5.3584940E-12   -5.2594601E+03
      -3.74          410.000    2.181E+00   -8.2214431E+03    2.6865979E-12   -4.9266245E+03
      -3.64          410.000    1.006E+00    3.7419461E+03    8.2929610E-12    3.3992982E+03
      -3.54          410.000    4.372E-01    4.1396218E+03    1.6808297E-11   -1.0992869E+02
      -3.44          410.000    2.397E-01   -1.1803434E+03    7.0744705E-12   -2.6193357E+03
      -3.34          410.000    1.287E-01   -3.3226884E+03   -2.5033605E-11   -3.3751498E+03
      -3.24          410.000    5.664E-02   -3.9062711E+03   -5.9108765E-12   -3.4535174E+03
      -3.14          410.000    1.572E-02   -3.3566967E+03    4.6733004E-13   -2.5274422E+03
      -3.04          410.000   -2.923E-03    9.5445745E+02    7.8310029E-13    6.5089909E+02
      -2.94          410.000   -2.868E-02    3.5263455E+03    7.5500278E-12    3.1623096E+03
      -2.84          410.000   -8.514E-02    3.3406683E+03   -1.3574091E-11    3.6786287E+03
      -2.74          410.000   -1.811E-01    2.3235918E+03    1.0584460E-11    3.8369983E+03
      -2.64          410.000   -3.291E-01   -1.2436621E+02    2.5809295E-12    4.1928444E+03
      -2.54          410.000   -5.578E-01   -4.2885131E+03    4.4379716E-12    4.6643980E+03
      -2.44          410.000   -8.437E-01   -3.6293411E+03   -1.1585391E-11    2.9406814E+03
      -2.34          410.000   -1.105E+00   -6.0933496E+02   -2.0029806E-12    3.1658036E+02
      -2.24          410.000   -1.362E+00    7.0418326E+02   -9.0264726E-12   -1.8886897E+03
      -2.14          410.000   -1.576E+00   -2.5783195E+02    4.1239097E-12   -2.3920542E+03
      -2.04          410.000   -1.728E+00   -8.7919926E+02    5.9217214E-12   -2.8841411E+03
      -1.94          410.000   -1.840E+00   -1.0953210E+03   -4.7604690E-12   -4.1758082E+03
      -1.84          410.000   -1.927E+00   -1.0036698E+03    2.5399826E-12   -6.6919111E+03
# T(K) =   420.00   Npoints =      31   V(cm^3) =  4.649E-22
      -4.84          420.000    5.885E+00    2.6378049E+03    6.6065792E-12   -4.7356997E+03
      -4.74          420.000    5.516E+00    4.8425370E+03   -2.4389008E-11   -4.1892285E+03
      -4.64          420.000    5.182E+00    9.1741335E+03    2.3623084E-11   -3.3203783E+03
      -4.54          420.000    4.825E+00    6.4676914E+02   -3.2851039E-11   -1.0714203E+03
      -4.44          420.000    4.454E+00   -1.5420192E+04    1.3939233E-11   -7.0306660E+02
      -4.34          420.000    4.140E+00   -1.6752653E+04    1.0955633E-11   -9.3258980E+01
      -4.24          420.000    3.891E+00   -7.0939715E+03    1.3705478E-11    3.8747299E+03
      -4.14          420.000    3.676E+00    5.1958420E+02    1.6634400E-12    5.7708907E+03
      -4.04          420.000    3.432E+00    2.9745824E+03    9.2303890E-12    5.1624393E+03
      -3.94          420.000    3.148E+00    5.5545989E+03   -1.6382271E-11    1.5447493E+01
      -3.84          420.000    2.799E+00   -9.2409154E+02    4.9561103E-12   -5.3184400E+03
      -3.74          420.000    2.174E+00   -8.1299206E+03    2.9765677E-12   -4.8999703E+03
      -3.64          420.000    1.013E+00    3.6477255E+03    8.5761095E-12    3.2976882E+03
      -3.54          420.000    4.408E-01    4.1715051E+03    1.6967844E-11   -9.7249181E+01
      -3.44          420.000    2.406E-01   -1.1662711E+03    6.9185920E-12   -2.6591935E+03
      -3.34          420.000    1.291E-01   -3.3810103E+03   -2.4907843E-11   -3.4468684E+03
      -3.24          420.000    5.695E-02   -3.9849214E+03   -6.4300458E-12   -3.5238855E+03
      -3.14          420.000    1.595E-02   -3.3871705E+03    4.8416723E-13   -2.5552741E+03
      -3.04          420.000   -2.999E-03    9.4508792E+02    9.3371284E-13    6.5817625E+02
      -2.94          420.000   -2.899E-02    3.5760838E+03    7.1530742E-12    3.2111282E+03
      -2.84          420.000   -8.554E-02    3.4090008E+03   -1.2974514E-11    3.7631676E+03
      -2.74          420.000   -1.816E-01    2.3606719E+03    1.0396016E-11    3.9322030E+03
      -2.64          420.000   -3.299E-01   -1.5142792E+02    2.6593926E-12    4.2988808E+03
      -2.54          420.000   -5.584E-01   -4.3203131E+03    4.2845528E-12    4.7423583E+03
      -2.44          420.000   -8.434E-01   -3.6903211E+03   -1.1218276E-11    3.0040119E+03
      -2.34          420.000   -1.105E+00   -6.4515589E+02   -2.2839862E-12    3.2836531E+02
      -2.24          420.000   -1.362E+00    6.8657729E+02   -8.9041561E-12   -1.9123558E+03
      -2.14          420.000   -1.576E+00   -2.5892420E+02    3.9634572E-12   -2.4447406E+03
      -2.04          420.000   -1.728E+00   -8.9524200E+02    5.8976626E-12   -2.9722267E+03
      -1.94          420.000   -1.840E+00   -1.1177772E+03   -4.5969254E-12   -4.2889081E+03
      -1.84          420.000   -1.927E+00   -1.0196551E+03    2.5583231E-12   -6.8130205E+03
# T(K) =   430.00   Npoints =      31   V(cm^3) =  4.649E-22
      -4.84          430.000    5.886E+00    2.7518789E+03    6.0957946E-12   -4.7900308E+03
      -4.74          430.000    5.516E+00    4.9942824E+03   -2.3787473E-11   -4.2787288E+03
      -4.64          430.000    5.182E+00    9.2016353E+03    2.2388341E-11   -3.3853672E+03
      -4.54          430.000    4.825E+00    5.5895963E+02   -3.2678732E-11   -1.1200777E+03
      -4.44          430.000    4.455E+00   -1.5560249E+04    1.2922390E-11   -7.1907019E+02
      -4.34          430.000    4.141E+00   -1.7000926E+04    1.2021717E-11   -4.9051433E+01
      -4.24          430.000    3.891E+00   -7.2984165E+03    1.3699966E-11    3.9306490E+03
      -4.14          430.000    3.676E+00    4.6084734E+02    2.0901109E-12    5.8777032E+03
      -4.04          430.000    3.432E+00    3.0444616E+03    8.8195366E-12    5.2134889E+03
      -3.94          430.000    3.147E+00    5.5623682E+03   -1.5991567E-11    1.6906618E+01
      -3.84          430.000    2.797E+00   -9.6067175E+02    4.5726359E-12   -5.3717309E+03
      -3.74          430.000    2.167E+00   -8.0335533E+03    3.2566778E-12   -4.8740645E+03
      -3.64          430.000    1.020E+00    3.5530293E+03    8.8552015E-12    3.1939644E+03
      -3.54          430.000    4.444E-01    4.1974646E+03    1.7112899E-11   -8.6605348E+01
      -3.44          430.000    2.416E-01   -1.1515780E+03    6.7600330E-12   -2.6978996E+03
      -3.34          430.000    1.295E-01   -3.4375363E+03   -2.4765232E-11   -3.5175299E+03
      -3.24          430.000    5.728E-02   -4.0616819E+03   -6.9242358E-12   -3.5929136E+03
      -3.14          430.000    1.619E-02   -3.4155858E+03    4.8678231E-13   -2.5820714E+03
      -3.04          430.000   -3.075E-03    9.3583925E+02    1.0759607E-12    6.6506654E+02
      -2.94          430.000   -2.931E-02    3.6235510E+03    6.7728682E-12    3.2587188E+03
      -2.84          430.000   -8.595E-02    3.4759371E+03   -1.2395835E-11    3.8470218E+03
      -2.74          430.000   -1.821E-01    2.3962841E+03    1.0200457E-11    4.0275931E+03
      -2.64          430.000   -3.307E-01   -1.7854317E+02    2.7444413E-12    4.4039603E+03
      -2.54          430.000   -5.591E-01   -4.3499164E+03    4.1308303E-12    4.8197899E+03
      -2.44          430.000   -8.431E-01   -3.7487402E+03   -1.0874715E-11    3.0657600E+03
      -2.34          430.000   -1.105E+00   -6.8209908E+02   -2.5636216E-12    3.4064390E+02
      -2.24          430.000   -1.361E+00    6.6775776E+02   -8.7847514E-12   -1.9343743E+03
      -2.14          430.000   -1.575E+00   -2.6037715E+02    3.8098903E-12   -2.4985762E+03
      -2.04          430.000   -1.727E+00   -9.1091605E+02    5.8692536E-12   -3.0593926E+03
      -1.94          430.000   -1.840E+00   -1.1398251E+03   -4.4316818E-12   -4.4030881E+03
      -1.84          430.000   -1.927E+00   -1.0354654E+03    2.5695352E-12   -6.9304051E+03
# T(K) =   440.00   Npoints =      31   V(cm^3) =  4.649E-22
      -4.84          440.000    5.887E+00    2.8719656E+03    5.5945269E-12   -4.8386649E+03
      -4.74          440.000    5.516E+00    5.1440601E+03   -2.3184753E-11   -4.3669511E+03
      -4.64          440.000    5.181E+00    9.2223773E+03    2.1176351E-11   -3.4492367E+03
      -4.54          440.000    4.825E+00    4.6762017E+02   -3.2438440E-11   -1.1695734E+03
      -4.44          440.000    4.455E+00   -1.5693835E+04    1.1975431E-11   -7.3427602E+02
      -4.34          440.000    4.141E+00   -1.7239793E+04    1.2999749E-11   -3.5617803E+00
      -4.24          440.000    3.892E+00   -7.5013842E+03    1.3705832E-11    3.9863108E+03
      -4.14          440.000    3.676E+00    3.9870731E+02    2.5029837E-12    5.9810023E+03
      -4.04          440.000    3.431E+00    3.1109429E+03    8.4242460E-12    5.2623259E+03
      -3.94          440.000    3.146E+00    5.5650351E+03   -1.5603671E-11    1.8270834E+01
      -3.84          440.000    2.794E+00   -9.9483921E+02    4.2081803E-12   -5.4194264E+03
      -3.74          440.000    2.161E+00   -7.9328190E+03    3.5267405E-12   -4.8489204E+03
      -3.64          440.000    1.027E+00    3.4581516E+03    9.1298946E-12    3.0884193E+03
      -3.54          440.000    4.481E-01    4.2176290E+03    1.7243966E-11   -7.8105792E+01
      -3.44          440.000    2.426E-01   -1.1363925E+03    6.5995539E-12   -2.7354851E+03
      -3.34          440.000    1.300E-01   -3.4922457E+03   -2.4607559E-11   -3.5871117E+03
      -3.24          440.000    5.761E-02   -4.1364919E+03   -7.3942670E-12   -3.6605742E+03
      -3.14          440.000    1.642E-02   -3.4420629E+03    4.7592348E-13   -2.6078497E+03
      -3.04          440.000   -3.153E-03    9.2670937E+02    1.2095130E-12    6.7160725E+02
      -2.94          440.000   -2.963E-02    3.6687499E+03    6.4095096E-12    3.3051033E+03
      -2.84          440.000   -8.637E-02    3.5414071E+03   -1.1837593E-11    3.9301798E+03
      -2.74          440.000   -1.827E-01    2.4304458E+03    9.9999069E-12    4.1230994E+03
      -2.64          440.000   -3.316E-01   -2.0561838E+02    2.8345852E-12    4.5081335E+03
      -2.54          440.000   -5.597E-01   -4.3773903E+03    3.9775966E-12    4.8965958E+03
      -2.44          440.000   -8.428E-01   -3.8046487E+03   -1.0553401E-11    3.1260199E+03
      -2.34          440.000   -1.105E+00   -7.2009368E+02   -2.8403476E-12    3.5342448E+02
      -2.24          440.000   -1.361E+00    6.4774285E+02   -8.6683399E-12   -1.9549378E+03
      -2.14          440.000   -1.574E+00   -2.6222818E+02    3.6626942E-12   -2.5532762E+03
      -2.04          440.000   -1.727E+00   -9.2622968E+02    5.8364849E-12   -3.1459199E+03
      -1.94          440.000   -1.839E+00   -1.1614600E+03   -4.2650792E-12   -4.5180541E+03
      -1.84          440.000   -1.927E+00   -1.0511155E+03    2.5746070E-12   -7.0442906E+03
# T(K) =   450.00   Npoints =      31   V(cm^3) =  4.649E-22
      -4.84          450.000    5.888E+00    2.9978513E+03    5.1029852E-12   -4.8816647E+03
      -4.74          450.000    5.517E+00    5.2918183E+03   -2.2584547E-11   -4.4537452E+03
      -4.64          450.000    5.181E+00    9.2365509E+03    1.9987795E-11   -3.5120577E+03
      -4.54          450.000    4.825E+00    3.7301632E+02   -3.2139270E-11   -1.2198152E+03
      -4.44          450.000    4.456E+00   -1.5821109E+04    1.1094288E-11   -7.4870058E+02
      -4.34          450.000    4.142E+00   -1.7469383E+04    1.3894317E-11    4.3083381E+01
      -4.24          450.000    3.892E+00   -7.7027639E+03    1.3723230E-11    4.0416919E+03
      -4.14          450.000    3.675E+00    3.3326366E+02    2.9021625E-12    6.0807867E+03
      -4.04          450.000    3.431E+00    3.1738235E+03    8.0449035E-12    5.3089701E+03
      -3.94          450.000    3.146E+00    5.5628516E+03   -1.5219281E-11    1.9594328E+01
      -3.84          450.000    2.792E+00   -1.0265103E+03    3.8627316E-12   -5.4616382E+03
      -3.74          450.000    2.154E+00   -7.8281691E+03    3.7867027E-12   -4.8245398E+03
      -3.64          450.000    1.034E+00    3.3633581E+03    9.3998822E-12    2.9813237E+03
      -3.54          450.000    4.519E-01    4.2321432E+03    1.7361539E-11   -7.1843683E+01
      -3.44          450.000    2.436E-01   -1.1208472E+03    6.4378626E-12   -2.7719897E+03
      -3.34          450.000    1.304E-01   -3.5451231E+03   -2.4436467E-11   -3.6555886E+03
      -3.24          450.000    5.795E-02   -4.2092952E+03   -7.8409415E-12   -3.7268418E+03
      -3.14          450.000    1.666E-02   -3.4667119E+03    4.5234021E-13   -2.6326264E+03
      -3.04          450.000   -3.230E-03    9.1769347E+02    1.3341254E-12    6.7783226E+02
      -2.94          450.000   -2.996E-02    3.7116928E+03    6.0629648E-12    3.3503065E+03
      -2.84          450.000   -8.680E-02    3.6053452E+03   -1.1299283E-11    4.0126286E+03
      -2.74          450.000   -1.832E-01    2.4631727E+03    9.7961941E-12    4.2186586E+03
      -2.64          450.000   -3.324E-01   -2.3256747E+02    2.9284633E-12    4.6114362E+03
      -2.54          450.000   -5.603E-01   -4.4027997E+03    3.8255337E-12    4.9726987E+03
      -2.44          450.000   -8.426E-01   -3.8581000E+03   -1.0253056E-11    3.1848736E+03
      -2.34          450.000   -1.105E+00   -7.5906758E+02   -3.1128567E-12    3.6670797E+02
      -2.24          450.000   -1.360E+00    6.2655213E+02   -8.5549978E-12   -1.9742078E+03
      -2.14          450.000   -1.574E+00   -2.6451192E+02    3.5213858E-12   -2.6086070E+03
      -2.04          450.000   -1.726E+00   -9.4119260E+02    5.7994235E-12   -3.2320284E+03
      -1.94          450.000   -1.839E+00   -1.1826786E+03   -4.0974670E-12   -4.6335565E+03
      -1.84          450.000   -1.927E+00   -1.0666184E+03    2.5744361E-12   -7.1548815E+03
# T(K) =   460.00   Npoints =      31   V(cm^3) =  4.649E-22
      -4.84          460.000    5.890E+00    3.1293135E+03    4.6213597E-12   -4.9191096E+03
      -4.74          460.000    5.517E+00    5.4375052E+03   -2.1990071E-11   -4.5389679E+03
      -4.64          460.000    5.181E+00    9.2443549E+03    1.8823335E-11   -3.5738910E+03
      -4.54          460.000    4.825E+00    2.7540720E+02   -3.1789506E-11   -1.2707105E+03
      -4.44          460.000    4.457E+00   -1.5942229E+04    1.0275109E-11   -7.6235993E+02
      -4.34          460.000    4.142E+00   -1.7689834E+04    1.4709982E-11    9.0762489E+01
      -4.24          460.000    3.892E+00   -7.9024443E+03    1.3752086E-11    4.0967663E+03
      -4.14          460.000    3.675E+00    2.6461699E+02    3.2878084E-12    6.1770636E+03
      -4.04          460.000    3.431E+00    3.2329177E+03    7.6817723E-12    5.3534429E+03
      -3.94          460.000    3.145E+00    5.5560632E+03   -1.4838995E-11    2.0931842E+01
      -3.84          460.000    2.789E+00   -1.0556238E+03    3.5361757E-12   -5.4984935E+03
      -3.74          460.000    2.148E+00   -7.7200293E+03    4.0366199E-12   -4.8009150E+03
      -3.64          460.000    1.040E+00    3.2688876E+03    9.6648874E-12    2.8729284E+03
      -3.54          460.000    4.558E-01    4.2411663E+03    1.7466102E-11   -6.7896808E+01
      -3.44          460.000    2.447E-01   -1.1050749E+03    6.2756121E-12   -2.8074602E+03
      -3.34          460.000    1.309E-01   -3.5961573E+03   -2.4253465E-11   -3.7229343E+03
      -3.24          460.000    5.830E-02   -4.2800403E+03   -8.2650429E-12   -3.7916934E+03
      -3.14          460.000    1.689E-02   -3.4896338E+03    4.1677921E-13   -2.6564198E+03
      -3.04          460.000   -3.309E-03    9.0878478E+02    1.4496311E-12    6.8377254E+02
      -2.94          460.000   -3.029E-02    3.7523997E+03    5.7330868E-12    3.3943556E+03
      -2.84          460.000   -8.724E-02    3.6676905E+03   -1.0780371E-11    4.0943542E+03
      -2.74          460.000   -1.838E-01    2.4944796E+03    9.5908876E-12    4.3142121E+03
      -2.64          460.000   -3.333E-01   -2.5931150E+02    3.0248400E-12    4.7138927E+03
      -2.54          460.000   -5.610E-01   -4.4262068E+03    3.6752231E-12    5.0480376E+03
      -2.44          460.000   -8.423E-01   -3.9091501E+03   -9.9724368E-12    3.2423928E+03
      -2.34          460.000   -1.104E+00   -7.9894801E+02   -3.3800490E-12    3.8048923E+02
      -2.24          460.000   -1.360E+00    6.0420659E+02   -8.4447932E-12   -1.9923199E+03
      -2.14          460.000   -1.573E+00   -2.6726033E+02    3.3855129E-12   -2.6643771E+03
      -2.04          460.000   -1.726E+00   -9.5581581E+02    5.7581956E-12   -3.3178881E+03
      -1.94          460.000   -1.839E+00   -1.2034787E+03   -3.9291963E-12   -4.7493818E+03
      -1.84          460.000   -1.927E+00   -1.0819857E+03    2.5698358E-12   -7.2623642E+03
# T(K) =   470.00   Npoints =      31   V(cm^3) =  4.649E-22
      -4.84          470.000    5.891E+00    3.2661206E+03    4.1498176E-12   -4.9510943E+03
      -4.74          470.000    5.517E+00    5.5810698E+03   -2.1404097E-11   -4.6224836E+03
      -4.64          470.000    5.181E+00    9.2459936E+03    1.7683605E-11   -3.6347879E+03
      -4.54          470.000    4.825E+00    1.7504466E+02   -3.1396655E-11   -1.3221674E+03
      -4.44          470.000    4.457E+00   -1.6057356E+04    9.5142476E-12   -7.7526991E+02
      -4.34          470.000    4.143E+00   -1.7901294E+04    1.5451243E-11    1.3935916E+02
      -4.24          470.000    3.893E+00   -8.1003146E+03    1.3792139E-11    4.1515052E+03
      -4.14          470.000    3.675E+00    1.9286854E+02    3.6601311E-12    6.2698480E+03
      -4.04          470.000    3.430E+00    3.2880577E+03    7.3350076E-12    5.3957680E+03
      -3.94          470.000    3.144E+00    5.5449082E+03   -1.4463310E-11    2.2337934E+01
      -3.84          470.000    2.786E+00   -1.0821392E+03    3.2283133E-12   -5.5301320E+03
      -3.74          470.000    2.142E+00   -7.6088010E+03    4.2766348E-12   -4.7780306E+03
      -3.64          470.000    1.047E+00    3.1749536E+03    9.9246597E-12    2.7634650E+03
      -3.54          470.000    4.598E-01    4.2448687E+03    1.7558134E-11   -6.6327903E+01
      -3.44          470.000    2.459E-01   -1.0892073E+03    6.1134009E-12   -2.8419487E+03
      -3.34          470.000    1.314E-01   -3.6453419E+03   -2.4059930E-11   -3.7891226E+03
      -3.24          470.000    5.865E-02   -4.3486812E+03   -8.6673366E-12   -3.8551079E+03
      -3.14          470.000    1.713E-02   -3.5109207E+03    3.6998076E-13   -2.6792487E+03
      -3.04          470.000   -3.388E-03    8.9997525E+02    1.5559323E-12    6.8945651E+02
      -2.94          470.000   -3.063E-02    3.7908968E+03    5.4196316E-12    3.4372792E+03
      -2.84          470.000   -8.769E-02    3.7283862E+03   -1.0280301E-11    4.1753427E+03
      -2.74          470.000   -1.844E-01    2.5243809E+03    9.3853279E-12    4.4097055E+03
      -2.64          470.000   -3.341E-01   -2.8577835E+02    3.1226009E-12    4.8155178E+03
      -2.54          470.000   -5.616E-01   -4.4476720E+03    3.5271543E-12    5.1225647E+03
      -2.44          470.000   -8.421E-01   -3.9578566E+03   -9.7103430E-12    3.2986406E+03
      -2.34          470.000   -1.104E+00   -8.3966208E+02   -3.6410099E-12    3.9475824E+02
      -2.24          470.000   -1.359E+00    5.8072866E+02   -8.3377826E-12   -2.0093887E+03
      -2.14          470.000   -1.572E+00   -2.7050271E+02    3.2546546E-12   -2.7204297E+03
      -2.04          470.000   -1.725E+00   -9.7011146E+02    5.7129729E-12   -3.4036278E+03
      -1.94          470.000   -1.839E+00   -1.2238592E+03   -3.7606150E-12   -4.8653466E+03
      -1.84          470.000   -1.927E+00   -1.0972272E+03    2.5615396E-12   -7.3669097E+03
# T(K) =   480.00   Npoints =      31   V(cm^3) =  4.649E-22
      -4.84          480.000    5.892E+00    3.4080319E+03    3.6884988E-12   -4.9777277E+03
      -4.74          480.000    5.518E+00    5.7224637E+03   -2.0828997E-11   -4.7041645E+03
      -4.64          480.000    5.180E+00    9.2416763E+03    1.6569196E-11   -3.6947906E+03
      -4.54          480.000    4.825E+00    7.2172842E+01   -3.0967495E-11   -1.3740947E+03
      -4.44          480.000    4.458E+00   -1.6166648E+04    8.8082512E-12   -7.8744619E+02
      -4.34          480.000    4.144E+00   -1.8103919E+04    1.6122508E-11    1.8876222E+02
      -4.24          480.000    3.893E+00   -8.2962654E+03    1.3842973E-11    4.2058781E+03
      -4.14          480.000    3.674E+00    1.1811989E+02    4.0193814E-12    6.3591616E+03
      -4.04          480.000    3.430E+00    3.3390932E+03    7.0046699E-12    5.4359710E+03
      -3.94          480.000    3.143E+00    5.5296166E+03   -1.4092635E-11    2.3866307E+01
      -3.84          480.000    2.783E+00   -1.1060351E+03    2.9388744E-12   -5.5567039E+03
      -3.74          480.000    2.136E+00   -7.4948615E+03    4.5069580E-12   -4.7558653E+03
      -3.64          480.000    1.053E+00    3.0817466E+03    1.0178971E-11    2.6531470E+03
      -3.54          480.000    4.639E-01    4.2434303E+03    1.7638105E-11   -6.7185189E+01
      -3.44          480.000    2.471E-01   -1.0733725E+03    5.9517735E-12   -2.8755110E+03
      -3.34          480.000    1.319E-01   -3.6926752E+03   -2.3857122E-11   -3.8541279E+03
      -3.24          480.000    5.902E-02   -4.4151768E+03   -9.0485698E-12   -3.9170666E+03
      -3.14          480.000    1.738E-02   -3.5306572E+03    3.1267542E-13   -2.7011323E+03
      -3.04          480.000   -3.467E-03    8.9125600E+02    1.6529927E-12    6.9491041E+02
      -2.94          480.000   -3.097E-02    3.8272146E+03    5.1222749E-12    3.4791071E+03
      -2.84          480.000   -8.815E-02    3.7873801E+03   -9.7985016E-12    4.2555796E+03
      -2.74          480.000   -1.850E-01    2.5528908E+03    9.1806544E-12    4.5050871E+03
      -2.64          480.000   -3.350E-01   -3.1190244E+02    3.2207471E-12    4.9163190E+03
      -2.54          480.000   -5.622E-01   -4.4672532E+03    3.3817340E-12    5.1962431E+03
      -2.44          480.000   -8.419E-01   -4.0042788E+03   -9.4656213E-12    3.3536730E+03
      -2.34          480.000   -1.104E+00   -8.8113723E+02   -3.8949889E-12    4.0950108E+02
      -2.24          480.000   -1.359E+00    5.5614215E+02   -8.2340101E-12   -2.0255113E+03
      -2.14          480.000   -1.572E+00   -2.7426575E+02    3.1284196E-12   -2.7766367E+03
      -2.04          480.000   -1.725E+00   -9.8409276E+02    5.6639606E-12   -3.4893429E+03
      -1.94          480.000   -1.838E+00   -1.2438199E+03   -3.5920636E-12   -4.9812920E+03
      -1.84          480.000   -1.927E+00   -1.1123518E+03    2.5502069E-12   -7.4686757E+03
# T(K) =   490.00   Npoints =      31   V(cm^3) =  4.649E-22
      -4.84          490.000    5.894E+00    3.5547981E+03    3.2375142E-12   -4.9991308E+03
      -4.74          490.000    5.518E+00    5.8616413E+03   -2.0266777E-11   -4.7838908E+03
      -4.64          490.000    5.180E+00    9.2316162E+03    1.5480643E-11   -3.7539321E+03
      -4.54          490.000    4.825E+00   -3.2972189E+01   -3.0508125E-11   -1.4264029E+03
      -4.44          490.000    4.459E+00   -1.6270267E+04    8.1538510E-12   -7.9890440E+02
      -4.34          490.000    4.145E+00   -1.8297873E+04    1.6728073E-11    2.3886564E+02
      -4.24          490.000    3.893E+00   -8.4901892E+03    1.3904047E-11    4.2598525E+03
      -4.14          490.000    3.674E+00    4.0472721E+01    4.3658438E-12    6.4450325E+03
      -4.04          490.000    3.429E+00    3.3858919E+03    6.6907381E-12    5.4740797E+03
      -3.94          490.000    3.142E+00    5.5104102E+03   -1.3727292E-11    2.5569210E+01
      -3.84          490.000    2.780E+00   -1.1273077E+03    2.6675309E-12   -5.5783673E+03
      -3.74          490.000    2.131E+00   -7.3785656E+03    4.7278523E-12   -4.7343934E+03
      -3.64          490.000    1.059E+00    2.9894354E+03    1.0427615E-11    2.5421711E+03
      -3.54          490.000    4.681E-01    4.2370385E+03    1.7706477E-11   -7.0503060E+01
      -3.44          490.000    2.483E-01   -1.0576939E+03    5.7912222E-12   -2.9082055E+03
      -3.34          490.000    1.324E-01   -3.7381596E+03   -2.3646187E-11   -3.9179260E+03
      -3.24          490.000    5.939E-02   -4.4794916E+03   -9.4094717E-12   -3.9775529E+03
      -3.14          490.000    1.762E-02   -3.5489205E+03    2.4558114E-13   -2.7220897E+03
      -3.04          490.000   -3.547E-03    8.8261770E+02    1.7408300E-12    7.0015854E+02
      -2.94          490.000   -3.132E-02    3.8613874E+03    4.8406257E-12    3.5198699E+03
      -2.84          490.000   -8.862E-02    3.8446242E+03   -9.3343980E-12    4.3350509E+03
      -2.74          490.000   -1.857E-01    2.5800240E+03    8.9778294E-12    4.6003082E+03
      -2.64          490.000   -3.359E-01   -3.3762436E+02    3.3183900E-12    5.0162979E+03
      -2.54          490.000   -5.629E-01   -4.4850069E+03    3.2392939E-12    5.2690448E+03
      -2.44          490.000   -8.417E-01   -4.0484764E+03   -9.2371673E-12    3.4075401E+03
      -2.34          490.000   -1.104E+00   -9.2330161E+02   -4.1413810E-12    4.2470072E+02
      -2.24          490.000   -1.358E+00    5.3047227E+02   -8.1335063E-12   -2.0407706E+03
      -2.14          490.000   -1.571E+00   -2.7857359E+02    3.0064459E-12   -2.8328938E+03
      -2.04          490.000   -1.725E+00   -9.9777387E+02    5.6113875E-12   -3.5751015E+03
      -1.94          490.000   -1.838E+00   -1.2633622E+03   -3.4238722E-12   -5.0970793E+03
      -1.84          490.000   -1.927E+00   -1.1273667E+03    2.5364282E-12   -7.5678081E+03
# T(K) =   500.00   Npoints =      31   V(cm^3) =  4.649E-22
      -4.84          500.000    5.895E+00    3.7061623E+03    2.7969437E-12   -5.0154355E+03
      -4.74          500.000    5.519E+00    5.9985606E+03   -1.9719115E-11   -4.8615511E+03
      -4.64          500.000    5.180E+00    9.2160294E+03    1.4418419E-11   -3.8122377E+03
      -4.54          500.000    4.824E+00   -1.4016260E+02   -3.0024009E-11   -1.4790043E+03
      -4.44          500.000    4.459E+00   -1.6368370E+04    7.5479530E-12   -8.0966014E+02
      -4.34          500.000    4.145E+00   -1.8483325E+04    1.7272100E-11    2.8956844E+02
      -4.24          500.000    3.894E+00   -8.6819817E+03    1.3974722E-11    4.3133944E+03
      -4.14          500.000    3.674E+00   -3.9971379E+01    4.6998305E-12    6.5274940E+03
      -4.04          500.000    3.429E+00    3.4283389E+03    6.3931200E-12    5.5101243E+03
      -3.94          500.000    3.141E+00    5.4875020E+03   -1.3367530E-11    2.7496926E+01
      -3.84          500.000    2.777E+00   -1.1459689E+03    2.4139075E-12   -5.5952869E+03
      -3.74          500.000    2.125E+00   -7.2602459E+03    4.9396199E-12   -4.7135853E+03
      -3.64          500.000    1.065E+00    2.8981689E+03    1.0670403E-11    2.4307184E+03
      -3.54          500.000    4.723E-01    4.2258861E+03    1.7763705E-11   -7.6302864E+01
      -3.44          500.000    2.497E-01   -1.0422891E+03    5.6321887E-12   -2.9400923E+03
      -3.34          500.000    1.330E-01   -3.7818022E+03   -2.3428170E-11   -3.9804948E+03
      -3.24          500.000    5.977E-02   -4.5415954E+03   -9.7507535E-12   -4.0365525E+03
      -3.14          500.000    1.787E-02   -3.5657813E+03    1.6940067E-13   -2.7421395E+03
      -3.04          500.000   -3.628E-03    8.7405087E+02    1.8195097E-12    7.0522352E+02
      -2.94          500.000   -3.167E-02    3.8934521E+03    4.5742391E-12    3.5595984E+03
      -2.84          500.000   -8.910E-02    3.9000750E+03   -8.8874120E-12    4.4137430E+03
      -2.74          500.000   -1.863E-01    2.6057955E+03    8.7776599E-12    4.6953220E+03
      -2.64          500.000   -3.368E-01   -3.6289067E+02    3.4147446E-12    5.1154517E+03
      -2.54          500.000   -5.635E-01   -4.5009877E+03    3.1000989E-12    5.3409491E+03
      -2.44          500.000   -8.415E-01   -4.0905101E+03   -9.0239280E-12    3.4602869E+03
      -2.34          500.000   -1.104E+00   -9.6608446E+02   -4.3797096E-12    4.4033771E+02
      -2.24          500.000   -1.358E+00    5.0374553E+02   -8.0362878E-12   -2.0552378E+03
      -2.14          500.000   -1.570E+00   -2.8344789E+02    2.8883995E-12   -2.8891157E+03
      -2.04          500.000   -1.724E+00   -1.0111697E+03    5.5554979E-12   -3.6609497E+03
      -1.94          500.000   -1.838E+00   -1.2824880E+03   -3.2563575E-12   -5.2125871E+03
      -1.84          500.000   -1.927E+00   -1.1422780E+03    2.5207298E-12   -7.6644427E+03
