# DFT TOTAL ENERGY =  -1.4184e+10 eV,         =  -5.4025e+06 kJ/mol   
# CELL VOLUME      =   754.292434 Angstrom^3, =   454.245464 cm^3/mol 
# LATTICE PARAMETERS (ANGSTROM, DEGREE)
           A           B           C       ALPHA        BETA       GAMMA
      7.1630      9.2762     12.6705     90.0000    116.3697     90.0000

# HARMONIC THERMODYNAMICS AT QPOINT #       0

  zero point energy =  1.759106e+03  kJ/mol

  temperature dependent properties
    T(K)     U_vib(kJ/mol)  Entropy(J/mol*K)      C_V(J/mol*K) Helmholtz(kJ/mol)
    0.00      2.462748e+05      0.000000e+00      0.000000e+00     -7.560978e+08
   30.00      2.463620e+05      3.933894e+03      9.617989e+03     -7.562157e+08
   60.00      2.469026e+05      1.578720e+04      2.544674e+04     -7.570444e+08
   90.00      2.478340e+05      2.823020e+04      3.604554e+04     -7.586369e+08
  120.00      2.490453e+05      3.978720e+04      4.454668e+04     -7.608695e+08
  150.00      2.505024e+05      5.059254e+04      5.257913e+04     -7.636824e+08
  180.00      2.522003e+05      6.088907e+04      6.063348e+04     -7.670519e+08
  210.00      2.541418e+05      7.084872e+04      6.881839e+04     -7.709681e+08
  240.00      2.563305e+05      8.057849e+04      7.710819e+04     -7.754266e+08
  270.00      2.587686e+05      9.014100e+04      8.542764e+04     -7.804234e+08
  300.00      2.614555e+05      9.957005e+04      9.368600e+04     -7.859536e+08

  Gibbs free energy
    rows    : pressure (GPa)     0.000    0.100    0.200    0.300    0.400    0.500 
    columns : temperature (K)    0.000   30.000   60.000   90.000  120.000  150.000  180.000  210.000  240.000  270.000  300.000 
         -7.560978e+08       -7.560914e+08       -7.560851e+08       -7.560787e+08       -7.560723e+08       -7.560660e+08  
         -7.562157e+08       -7.562093e+08       -7.562030e+08       -7.561966e+08       -7.561903e+08       -7.561839e+08  
         -7.570444e+08       -7.570380e+08       -7.570317e+08       -7.570253e+08       -7.570189e+08       -7.570126e+08  
         -7.586369e+08       -7.586306e+08       -7.586242e+08       -7.586179e+08       -7.586115e+08       -7.586051e+08  
         -7.608695e+08       -7.608631e+08       -7.608568e+08       -7.608504e+08       -7.608440e+08       -7.608377e+08  
         -7.636824e+08       -7.636761e+08       -7.636697e+08       -7.636634e+08       -7.636570e+08       -7.636506e+08  
         -7.670519e+08       -7.670455e+08       -7.670392e+08       -7.670328e+08       -7.670264e+08       -7.670201e+08  
         -7.709681e+08       -7.709618e+08       -7.709554e+08       -7.709491e+08       -7.709427e+08       -7.709363e+08  
         -7.754266e+08       -7.754202e+08       -7.754138e+08       -7.754075e+08       -7.754011e+08       -7.753948e+08  
         -7.804234e+08       -7.804170e+08       -7.804106e+08       -7.804043e+08       -7.803979e+08       -7.803916e+08  
         -7.859536e+08       -7.859473e+08       -7.859409e+08       -7.859345e+08       -7.859282e+08       -7.859218e+08  


