# DFT TOTAL ENERGY =  -1.9854e+05 eV,         =  -5.4025e+06 kJ/mol   
# CELL VOLUME      =   754.292434 Angstrom^3, =   454.245521 cm^3/mol 
# LATTICE PARAMETERS (ANGSTROM, DEGREE)
           A           B           C       ALPHA        BETA       GAMMA
      7.1630      9.2762     12.6705     90.0000    116.3697     90.0000

# HARMONIC THERMODYNAMICS AT QPOINT #       0

  zero point energy =  1.759106e+03  kJ/mol

  temperature dependent properties
    T(K)     U_vib(kJ/mol)  Entropy(J/mol*K)      C_V(J/mol*K) Helmholtz(kJ/mol)
    0.00      1.759106e+03      0.000000e+00      0.000000e+00     -5.400697e+06
   30.00      1.759729e+03      2.809924e+01      6.869991e+01     -5.400697e+06
   60.00      1.763590e+03      1.127657e+02      1.817624e+02     -5.400699e+06
   90.00      1.770243e+03      2.016443e+02      2.574682e+02     -5.400704e+06
  120.00      1.778895e+03      2.841943e+02      3.181906e+02     -5.400711e+06
  150.00      1.789303e+03      3.613752e+02      3.755652e+02     -5.400721e+06
  180.00      1.801431e+03      4.349219e+02      4.330962e+02     -5.400733e+06
  210.00      1.815298e+03      5.060623e+02      4.915599e+02     -5.400747e+06
  240.00      1.830932e+03      5.755606e+02      5.507728e+02     -5.400763e+06
  270.00      1.848347e+03      6.438643e+02      6.101974e+02     -5.400782e+06
  300.00      1.867540e+03      7.112146e+02      6.691857e+02     -5.400802e+06

  Gibbs free energy
    rows    : pressure (GPa)     0.000    0.100    0.200    0.300    0.400    0.500 
    columns : temperature (K)    0.000   30.000   60.000   90.000  120.000  150.000  180.000  210.000  240.000  270.000  300.000 
         -5.400697e+06       -5.400652e+06       -5.400606e+06       -5.400561e+06       -5.400515e+06       -5.400470e+06  
         -5.400697e+06       -5.400652e+06       -5.400607e+06       -5.400561e+06       -5.400516e+06       -5.400470e+06  
         -5.400699e+06       -5.400654e+06       -5.400609e+06       -5.400563e+06       -5.400518e+06       -5.400472e+06  
         -5.400704e+06       -5.400659e+06       -5.400613e+06       -5.400568e+06       -5.400522e+06       -5.400477e+06  
         -5.400711e+06       -5.400666e+06       -5.400621e+06       -5.400575e+06       -5.400530e+06       -5.400484e+06  
         -5.400721e+06       -5.400676e+06       -5.400630e+06       -5.400585e+06       -5.400539e+06       -5.400494e+06  
         -5.400733e+06       -5.400688e+06       -5.400642e+06       -5.400597e+06       -5.400551e+06       -5.400506e+06  
         -5.400747e+06       -5.400702e+06       -5.400656e+06       -5.400611e+06       -5.400566e+06       -5.400520e+06  
         -5.400763e+06       -5.400718e+06       -5.400673e+06       -5.400627e+06       -5.400582e+06       -5.400536e+06  
         -5.400782e+06       -5.400736e+06       -5.400691e+06       -5.400645e+06       -5.400600e+06       -5.400555e+06  
         -5.400802e+06       -5.400757e+06       -5.400711e+06       -5.400666e+06       -5.400620e+06       -5.400575e+06  


